1 0 x105 15
1 1 x122 15
1 2  x97 15
1 3  x70 15
1 4 x134 15
1 5  x93 15
1 6 x130 15
1 7  x68 15
1 8 x144 15
1 9  x89 15
1 10  x138 15
1 11   x98 15
1 12  x132 15
1 13   x64 15
1 14   x85 15
1 15  x114 15
1 16  x101 15
1 17   x90 15
1 18   x99 15
1 19  x112 15
1 20   x83 15
1 21  x142 15
1 22   x77 15
1 23  x136 15
1 24   x81 15
1 25  x116 15
1 26   x75 15
1 27  x102 15
1 28   x79 15
1 29  x120 15
1 30   x95 15
1 31  x118 15
1 32   x72 15
1 33  x128 15
1 34   x74 15
1 35  x124 15
1 36   x69 15
1 37   x92 15
1 38  x103 15
1 39  x110 15
1 40   x66 15
1 41  x126 15
1 42  x107 15
1 43   x82 15
1 44   x78 15
1 45  x141 15
1 46   x76 15
1 47  x140 15
1 48   x73 15
1 49  x106 15
1 50   x80 15
1 51   x94 15
1 52  x100 15
1 53   x88 15
1 54  x104 15
1 55  x108 15
1 56   x86 15
1 57  x143 15
1 58   x62 15
1 59   x84 15
1 60   x96 15
1 61   x87 15
1 62   x71 15
1 63   x91  15
2 0 x21 15
2 1 x28 15
2 2  x42 15
2 3  x1 15
2 4 x7 15
2 5  x52 15
2 6 x18 15
2 7  x26 15
2 8 x48 15
2 9  x20 15
2 10  x50 15
2 11   x3 15
2 12  x9 15
2 13   x32 15
2 14   x17 15
2 15  x15 15
2 16  x37 15
2 17   x44 15
2 18   x56 15
2 19  x13 15
2 20   x31 15
2 21  x46 15
2 22   x5 15
2 23  x11 15
2 24   x54 15
2 25  x22 15
2 26   x23 15
2 27  x30 15
2 28   x35 15
2 29  x24 15
2 30   x58 15
2 31  x34 15
2 32   x60 15
2 33  x12 15
2 34   x67 15
2 35  x36 15
2 36   x61 15
2 37   x16 15
2 38  x65 15
2 39  x14 15
2 40   x47 15
2 41  x8 15
2 42  x63 15
2 43   x10 15
2 44   x57 15
2 45  x2 15
2 46   x55 15
2 47  x4 15
2 48   x59 15
2 49  x25 15
2 50   x53 15
2 51   x33 15
2 52  x43 15
2 53   x40 15
2 54  x6 15
2 55  x49 15
2 56   x39 15
2 57  x38 15
2 58   x51 15
2 59   x41 15
2 60   x45 15
2 61   x19 15
2 62   x29 15
2 63   x27  15
