2	3	x1	0
2	45	v588	0
2	11	x2	0
2	47	v589	0
2	22	x3	0
2	54	v590	0
2	4	x4	0
2	41	v591	0
2	12	x5	0
2	43	v592	0
2	23	x6	0
2	33	v593	0
2	19	x7	0
2	39	v594	0
2	15	x8	0
2	37	v595	0
2	14	x9	0
2	6	v596	0
2	61	x10	0
2	9	v597	0
2	0	x11	0
2	25	v598	0
2	26	x12	0
2	29	v599	0
2	49	x13	0
2	7	v600	0
2	63	x14	0
2	1	v601	0
2	62	x15	0
2	27	v602	0
2	20	x16	0
2	13	v603	0
2	51	x17	0
2	31	v604	0
2	28	x18	0
2	35	v605	0
2	16	x19	0
2	57	v606	0
2	56	x20	0
2	53	v607	0
2	59	x21	0
2	2	v608	0
2	52	x22	0
2	17	v609	0
2	60	x23	0
2	21	v610	0
2	40	x24	0
2	8	v611	0
2	55	x25	0
2	10	v612	0
2	58	x26	0
2	5	v613	0
2	50	x27	0
2	24	v614	0
2	46	x28	0
2	18	v615	0
2	44	x29	0
2	30	v616	0
2	48	x30	0
2	32	v617	0
2	36	x31	0
1	58	v618	0
2	42	x32	0
1	13	v619	0
2	38	x33	0
1	40	v620	0
2	34	x34	0
1	7	v621	0
1	36	x35	0
1	3	v622	0
1	62	x36	0
1	32	v623	0
1	48	x37	0
1	34	v624	0
1	26	x38	0
1	46	v625	0
1	22	x39	0
1	44	v626	0
1	28	x40	0
1	50	v627	0
1	24	x41	0
1	43	v628	0
1	20	x42	0
1	59	v629	0
1	14	x43	0
1	56	v630	0
1	61	x44	0
1	53	v631	0
1	9	x45	0
1	17	v632	0
1	63	x46	0
1	37	v633	0
1	5	x47	0
1	51	v634	0
1	30	x48	0
1	60	v635	0
1	2	x49	0
1	11	v636	0
1	18	x50	0
1	52	v637	0
1	16	x51	0
1	27	v638	0
1	38	x52	0
1	54	v639	0
1	0	x53	0
1	49	v640	0
1	42	x54	0
1	55	v641	0
1	-1	-1	0
1	39	v642	0
1	-1	-1	0
1	19	v643	0
1	-1	-1	0
1	15	v644	0
1	-1	-1	0
1	25	v645	0
1	-1	-1	0
1	31	v646	0
1	-1	-1	0
1	29	v647	0
1	-1	-1	0
1	1	v648	0
1	-1	-1	0
1	35	v649	0
1	-1	-1	0
1	41	v650	0
1	-1	-1	0
1	33	v651	0
1	-1	-1	0
1	6	v652	0
1	-1	-1	0
1	12	v653	0
1	-1	-1	0
1	4	v654	0
1	-1	-1	0
1	23	v655	0
1	-1	-1	0
1	10	v656	0
1	-1	-1	0
1	47	v657	0
1	45	v660	0
1	21	v658	0
1	57	v661	0
1	8	v659	0
2	3	x109	1
2	45	v662	1
2	11	x110	1
2	47	v663	1
2	22	x111	1
2	54	v664	1
2	4	x112	1
2	41	v665	1
2	12	x113	1
2	43	v666	1
2	23	x114	1
2	33	v667	1
2	19	x115	1
2	39	v668	1
2	15	x116	1
2	37	v669	1
2	14	x117	1
2	6	v670	1
2	61	x118	1
2	9	v671	1
2	0	x119	1
2	25	v672	1
2	26	x120	1
2	29	v673	1
2	49	x121	1
2	7	v674	1
2	63	x122	1
2	1	v675	1
2	62	x123	1
2	27	v676	1
2	20	x124	1
2	13	v677	1
2	51	x125	1
2	31	v678	1
2	28	x126	1
2	35	v679	1
2	16	x127	1
2	57	v680	1
2	56	x128	1
2	53	v681	1
2	59	x129	1
2	2	v682	1
2	52	x130	1
2	17	v683	1
2	60	x131	1
2	21	v684	1
2	40	x132	1
2	8	v685	1
2	55	x133	1
2	10	v686	1
2	58	x134	1
2	5	v687	1
2	50	x135	1
2	24	v688	1
2	46	x136	1
2	18	v689	1
2	44	x137	1
2	30	v690	1
2	48	x138	1
2	32	v691	1
2	36	x139	1
1	58	v692	1
2	42	x140	1
1	13	v693	1
2	38	x141	1
1	40	v694	1
2	34	x142	1
1	7	v695	1
1	36	x143	1
1	3	v696	1
1	62	x144	1
1	32	v697	1
1	48	x145	1
1	34	v698	1
1	26	x146	1
1	46	v699	1
1	22	x147	1
1	44	v700	1
1	28	x148	1
1	50	v701	1
1	24	x149	1
1	43	v702	1
1	20	x150	1
1	59	v703	1
1	14	x151	1
1	56	v704	1
1	61	x152	1
1	53	v705	1
1	9	x153	1
1	17	v706	1
1	63	x154	1
1	37	v707	1
1	5	x155	1
1	51	v708	1
1	30	x156	1
1	60	v709	1
1	2	x157	1
1	11	v710	1
1	18	x158	1
1	52	v711	1
1	16	x159	1
1	27	v712	1
1	38	x160	1
1	54	v713	1
1	0	x161	1
1	49	v714	1
1	42	x162	1
1	55	v715	1
1	-1	-1	1
1	39	v716	1
1	-1	-1	1
1	19	v717	1
1	-1	-1	1
1	15	v718	1
1	-1	-1	1
1	25	v719	1
1	-1	-1	1
1	31	v720	1
1	-1	-1	1
1	29	v721	1
1	-1	-1	1
1	1	v722	1
1	-1	-1	1
1	35	v723	1
1	-1	-1	1
1	41	v724	1
1	-1	-1	1
1	33	v725	1
1	-1	-1	1
1	6	v726	1
1	-1	-1	1
1	12	v727	1
1	-1	-1	1
1	4	v728	1
1	-1	-1	1
1	23	v729	1
1	-1	-1	1
1	10	v730	1
1	-1	-1	1
1	47	v731	1
1	45	v734	1
1	21	v732	1
1	57	v735	1
1	8	v733	1
2	3	x217	2
2	45	v736	2
2	11	x218	2
2	47	v737	2
2	22	x219	2
2	54	v738	2
2	4	x220	2
2	41	v739	2
2	12	x221	2
2	43	v740	2
2	23	x222	2
2	33	v741	2
2	19	x223	2
2	39	v742	2
2	15	x224	2
2	37	v743	2
2	14	x225	2
2	6	v744	2
2	61	x226	2
2	9	v745	2
2	0	x227	2
2	25	v746	2
2	26	x228	2
2	29	v747	2
2	49	x229	2
2	7	v748	2
2	63	x230	2
2	1	v749	2
2	62	x231	2
2	27	v750	2
2	20	x232	2
2	13	v751	2
2	51	x233	2
2	31	v752	2
2	28	x234	2
2	35	v753	2
2	16	x235	2
2	57	v754	2
2	56	x236	2
2	53	v755	2
2	59	x237	2
2	2	v756	2
2	52	x238	2
2	17	v757	2
2	60	x239	2
2	21	v758	2
2	40	x240	2
2	8	v759	2
2	55	x241	2
2	10	v760	2
2	58	x242	2
2	5	v761	2
2	50	x243	2
2	24	v762	2
2	46	x244	2
2	18	v763	2
2	44	x245	2
2	30	v764	2
2	48	x246	2
2	32	v765	2
2	36	x247	2
1	58	v766	2
2	42	x248	2
1	13	v767	2
2	38	x249	2
1	40	v768	2
2	34	x250	2
1	7	v769	2
1	36	x251	2
1	3	v770	2
1	62	x252	2
1	32	v771	2
1	48	x253	2
1	34	v772	2
1	26	x254	2
1	46	v773	2
1	22	x255	2
1	44	v774	2
1	28	x256	2
1	50	v775	2
1	24	x257	2
1	43	v776	2
1	20	x258	2
1	59	v777	2
1	14	x259	2
1	56	v778	2
1	61	x260	2
1	53	v779	2
1	9	x261	2
1	17	v780	2
1	63	x262	2
1	37	v781	2
1	5	x263	2
1	51	v782	2
1	30	x264	2
1	60	v783	2
1	2	x265	2
1	11	v784	2
1	18	x266	2
1	52	v785	2
1	16	x267	2
1	27	v786	2
1	38	x268	2
1	54	v787	2
1	0	x269	2
1	49	v788	2
1	42	x270	2
1	55	v789	2
1	-1	-1	2
1	39	v790	2
1	-1	-1	2
1	19	v791	2
1	-1	-1	2
1	15	v792	2
1	-1	-1	2
1	25	v793	2
1	-1	-1	2
1	31	v794	2
1	-1	-1	2
1	29	v795	2
1	-1	-1	2
1	1	v796	2
1	-1	-1	2
1	35	v797	2
1	-1	-1	2
1	41	v798	2
1	-1	-1	2
1	33	v799	2
1	-1	-1	2
1	6	v800	2
1	-1	-1	2
1	12	v801	2
1	-1	-1	2
1	4	v802	2
1	-1	-1	2
1	23	v803	2
1	-1	-1	2
1	10	v804	2
1	-1	-1	2
1	47	v805	2
1	45	v808	2
1	21	v806	2
1	57	v809	2
1	8	v807	2
2	3	x325	3
2	45	v810	3
2	11	x326	3
2	47	v811	3
2	22	x327	3
2	54	v812	3
2	4	x328	3
2	41	v813	3
2	12	x329	3
2	43	v814	3
2	23	x330	3
2	33	v815	3
2	19	x331	3
2	39	v816	3
2	15	x332	3
2	37	v817	3
2	14	x333	3
2	6	v818	3
2	61	x334	3
2	9	v819	3
2	0	x335	3
2	25	v820	3
2	26	x336	3
2	29	v821	3
2	49	x337	3
2	7	v822	3
2	63	x338	3
2	1	v823	3
2	62	x339	3
2	27	v824	3
2	20	x340	3
2	13	v825	3
2	51	x341	3
2	31	v826	3
2	28	x342	3
2	35	v827	3
2	16	x343	3
2	57	v828	3
2	56	x344	3
2	53	v829	3
2	59	x345	3
2	2	v830	3
2	52	x346	3
2	17	v831	3
2	60	x347	3
2	21	v832	3
2	40	x348	3
2	8	v833	3
2	55	x349	3
2	10	v834	3
2	58	x350	3
2	5	v835	3
2	50	x351	3
2	24	v836	3
2	46	x352	3
2	18	v837	3
2	44	x353	3
2	30	v838	3
2	48	x354	3
2	32	v839	3
2	36	x355	3
1	58	v840	3
2	42	x356	3
1	13	v841	3
2	38	x357	3
1	40	v842	3
2	34	x358	3
1	7	v843	3
1	36	x359	3
1	3	v844	3
1	62	x360	3
1	32	v845	3
1	48	x361	3
1	34	v846	3
1	26	x362	3
1	46	v847	3
1	22	x363	3
1	44	v848	3
1	28	x364	3
1	50	v849	3
1	24	x365	3
1	43	v850	3
1	20	x366	3
1	59	v851	3
1	14	x367	3
1	56	v852	3
1	61	x368	3
1	53	v853	3
1	9	x369	3
1	17	v854	3
1	63	x370	3
1	37	v855	3
1	5	x371	3
1	51	v856	3
1	30	x372	3
1	60	v857	3
1	2	x373	3
1	11	v858	3
1	18	x374	3
1	52	v859	3
1	16	x375	3
1	27	v860	3
1	38	x376	3
1	54	v861	3
1	0	x377	3
1	49	v862	3
1	42	x378	3
1	55	v863	3
1	-1	-1	3
1	39	v864	3
1	-1	-1	3
1	19	v865	3
1	-1	-1	3
1	15	v866	3
1	-1	-1	3
1	25	v867	3
1	-1	-1	3
1	31	v868	3
1	-1	-1	3
1	29	v869	3
1	-1	-1	3
1	1	v870	3
1	-1	-1	3
1	35	v871	3
1	-1	-1	3
1	41	v872	3
1	-1	-1	3
1	33	v873	3
1	-1	-1	3
1	6	v874	3
1	-1	-1	3
1	12	v875	3
1	-1	-1	3
1	4	v876	3
1	-1	-1	3
1	23	v877	3
1	-1	-1	3
1	10	v878	3
1	-1	-1	3
1	47	v879	3
1	45	v882	3
1	21	v880	3
1	57	v883	3
1	8	v881	3
2	3	x433	4
2	45	v884	4
2	11	x434	4
2	47	v885	4
2	22	x435	4
2	54	v886	4
2	4	x436	4
2	41	v887	4
2	12	x437	4
2	43	v888	4
2	23	x438	4
2	33	v889	4
2	19	x439	4
2	39	v890	4
2	15	x440	4
2	37	v891	4
2	14	x441	4
2	6	v892	4
2	61	x442	4
2	9	v893	4
2	0	x443	4
2	25	v894	4
2	26	x444	4
2	29	v895	4
2	49	x445	4
2	7	v896	4
2	63	x446	4
2	1	v897	4
2	62	x447	4
2	27	v898	4
2	20	x448	4
2	13	v899	4
2	51	x449	4
2	31	v900	4
2	28	x450	4
2	35	v901	4
2	16	x451	4
2	57	v902	4
2	56	x452	4
2	53	v903	4
2	59	x453	4
2	2	v904	4
2	52	x454	4
2	17	v905	4
2	60	x455	4
2	21	v906	4
2	40	x456	4
2	8	v907	4
2	55	x457	4
2	10	v908	4
2	58	x458	4
2	5	v909	4
2	50	x459	4
2	24	v910	4
2	46	x460	4
2	18	v911	4
2	44	x461	4
2	30	v912	4
2	48	x462	4
2	32	v913	4
2	36	x463	4
1	58	v914	4
2	42	x464	4
1	13	v915	4
2	38	x465	4
1	40	v916	4
2	34	x466	4
1	7	v917	4
1	36	x467	4
1	3	v918	4
1	62	x468	4
1	32	v919	4
1	48	x469	4
1	34	v920	4
1	26	x470	4
1	46	v921	4
1	22	x471	4
1	44	v922	4
1	28	x472	4
1	50	v923	4
1	24	x473	4
1	43	v924	4
1	20	x474	4
1	59	v925	4
1	14	x475	4
1	56	v926	4
1	61	x476	4
1	53	v927	4
1	9	x477	4
1	17	v928	4
1	63	x478	4
1	37	v929	4
1	5	x479	4
1	51	v930	4
1	30	x480	4
1	60	v931	4
1	2	x481	4
1	11	v932	4
1	18	x482	4
1	52	v933	4
1	16	x483	4
1	27	v934	4
1	38	x484	4
1	54	v935	4
1	0	x485	4
1	49	v936	4
1	42	x486	4
1	55	v937	4
1	-1	-1	4
1	39	v938	4
1	-1	-1	4
1	19	v939	4
1	-1	-1	4
1	15	v940	4
1	-1	-1	4
1	25	v941	4
1	-1	-1	4
1	31	v942	4
1	-1	-1	4
1	29	v943	4
1	-1	-1	4
1	1	v944	4
1	-1	-1	4
1	35	v945	4
1	-1	-1	4
1	41	v946	4
1	-1	-1	4
1	33	v947	4
1	-1	-1	4
1	6	v948	4
1	-1	-1	4
1	12	v949	4
1	-1	-1	4
1	4	v950	4
1	-1	-1	4
1	23	v951	4
1	-1	-1	4
1	10	v952	4
1	-1	-1	4
1	47	v953	4
1	45	v956	4
1	21	v954	4
1	57	v957	4
1	8	v955	4
2	3	x541	5
2	45	v958	5
2	11	x542	5
2	47	v959	5
2	22	x543	5
2	54	v960	5
2	4	x544	5
2	41	v961	5
2	12	x545	5
2	43	v962	5
2	23	x546	5
2	33	v963	5
2	19	x547	5
2	39	v964	5
2	15	x548	5
2	37	v965	5
2	14	x549	5
2	6	v966	5
2	61	x550	5
2	9	v967	5
2	0	x551	5
2	25	v968	5
2	26	x552	5
2	29	v969	5
2	49	x553	5
2	7	v970	5
2	63	x554	5
2	1	v971	5
2	62	x555	5
2	27	v972	5
2	20	x556	5
2	13	v973	5
2	51	x557	5
2	31	v974	5
2	28	x558	5
2	35	v975	5
2	16	x559	5
2	57	v976	5
2	56	x560	5
2	53	v977	5
2	59	x561	5
2	2	v978	5
2	52	x562	5
2	17	v979	5
2	60	x563	5
2	21	v980	5
2	40	x564	5
2	8	v981	5
2	55	x565	5
2	10	v982	5
2	58	x566	5
2	5	v983	5
2	50	x567	5
2	24	v984	5
2	46	x568	5
2	18	v985	5
2	44	x569	5
2	30	v986	5
2	48	x570	5
2	32	v987	5
2	36	x571	5
1	58	v988	5
2	42	x572	5
1	13	v989	5
2	38	x573	5
1	40	v990	5
2	34	x574	5
1	7	v991	5
1	36	x575	5
1	3	v992	5
1	62	x576	5
1	32	v993	5
1	48	x577	5
1	34	v994	5
1	26	x578	5
1	46	v995	5
1	22	x579	5
1	44	v996	5
1	28	x580	5
1	50	v997	5
1	24	x581	5
1	43	v998	5
1	20	x582	5
1	59	v999	5
1	14	x583	5
1	56	v1000	5
1	61	x584	5
1	53	v1001	5
1	9	x585	5
1	17	v1002	5
1	63	x586	5
1	37	v1003	5
1	5	x587	5
1	51	v1004	5
1	30	x588	5
1	60	v1005	5
1	2	x589	5
1	11	v1006	5
1	18	x590	5
1	52	v1007	5
1	16	x591	5
1	27	v1008	5
1	38	x592	5
1	54	v1009	5
1	0	x593	5
1	49	v1010	5
1	42	x594	5
1	55	v1011	5
1	-1	-1	5
1	39	v1012	5
1	-1	-1	5
1	19	v1013	5
1	-1	-1	5
1	15	v1014	5
1	-1	-1	5
1	25	v1015	5
1	-1	-1	5
1	31	v1016	5
1	-1	-1	5
1	29	v1017	5
1	-1	-1	5
1	1	v1018	5
1	-1	-1	5
1	35	v1019	5
1	-1	-1	5
1	41	v1020	5
1	-1	-1	5
1	33	v1021	5
1	-1	-1	5
1	6	v1022	5
1	-1	-1	5
1	12	v1023	5
1	-1	-1	5
1	4	v1024	5
1	-1	-1	5
1	23	v1025	5
1	-1	-1	5
1	10	v1026	5
1	-1	-1	5
1	47	v1027	5
1	45	v1030	5
1	21	v1028	5
1	57	v1031	5
1	8	v1029	5
2	3	x649	6
2	45	v1032	6
2	11	x650	6
2	47	v1033	6
2	22	x651	6
2	54	v1034	6
2	4	x652	6
2	41	v1035	6
2	12	x653	6
2	43	v1036	6
2	23	x654	6
2	33	v1037	6
2	19	x655	6
2	39	v1038	6
2	15	x656	6
2	37	v1039	6
2	14	x657	6
2	6	v1040	6
2	61	x658	6
2	9	v1041	6
2	0	x659	6
2	25	v1042	6
2	26	x660	6
2	29	v1043	6
2	49	x661	6
2	7	v1044	6
2	63	x662	6
2	1	v1045	6
2	62	x663	6
2	27	v1046	6
2	20	x664	6
2	13	v1047	6
2	51	x665	6
2	31	v1048	6
2	28	x666	6
2	35	v1049	6
2	16	x667	6
2	57	v1050	6
2	56	x668	6
2	53	v1051	6
2	59	x669	6
2	2	v1052	6
2	52	x670	6
2	17	v1053	6
2	60	x671	6
2	21	v1054	6
2	40	x672	6
2	8	v1055	6
2	55	x673	6
2	10	v1056	6
2	58	x674	6
2	5	v1057	6
2	50	x675	6
2	24	v1058	6
2	46	x676	6
2	18	v1059	6
2	44	x677	6
2	30	v1060	6
2	48	x678	6
2	32	v1061	6
2	36	x679	6
1	58	v1062	6
2	42	x680	6
1	13	v1063	6
2	38	x681	6
1	40	v1064	6
2	34	x682	6
1	7	v1065	6
1	36	x683	6
1	3	v1066	6
1	62	x684	6
1	32	v1067	6
1	48	x685	6
1	34	v1068	6
1	26	x686	6
1	46	v1069	6
1	22	x687	6
1	44	v1070	6
1	28	x688	6
1	50	v1071	6
1	24	x689	6
1	43	v1072	6
1	20	x690	6
1	59	v1073	6
1	14	x691	6
1	56	v1074	6
1	61	x692	6
1	53	v1075	6
1	9	x693	6
1	17	v1076	6
1	63	x694	6
1	37	v1077	6
1	5	x695	6
1	51	v1078	6
1	30	x696	6
1	60	v1079	6
1	2	x697	6
1	11	v1080	6
1	18	x698	6
1	52	v1081	6
1	16	x699	6
1	27	v1082	6
1	38	x700	6
1	54	v1083	6
1	0	x701	6
1	49	v1084	6
1	42	x702	6
1	55	v1085	6
1	-1	-1	6
1	39	v1086	6
1	-1	-1	6
1	19	v1087	6
1	-1	-1	6
1	15	v1088	6
1	-1	-1	6
1	25	v1089	6
1	-1	-1	6
1	31	v1090	6
1	-1	-1	6
1	29	v1091	6
1	-1	-1	6
1	1	v1092	6
1	-1	-1	6
1	35	v1093	6
1	-1	-1	6
1	41	v1094	6
1	-1	-1	6
1	33	v1095	6
1	-1	-1	6
1	6	v1096	6
1	-1	-1	6
1	12	v1097	6
1	-1	-1	6
1	4	v1098	6
1	-1	-1	6
1	23	v1099	6
1	-1	-1	6
1	10	v1100	6
1	-1	-1	6
1	47	v1101	6
1	45	v1104	6
1	21	v1102	6
1	57	v1105	6
1	8	v1103	6
2	3	x540	11
2	45	v370	11
2	11	x539	11
2	47	v369	11
2	22	x538	11
2	54	v368	11
2	4	x537	11
2	41	v367	11
2	12	x536	11
2	43	v366	11
2	23	x535	11
2	33	v365	11
2	19	x534	11
2	39	v364	11
2	15	x533	11
2	37	v363	11
2	14	x532	11
2	6	v362	11
2	61	x531	11
2	9	v361	11
2	0	x530	11
2	25	v360	11
2	26	x529	11
2	29	v359	11
2	49	x528	11
2	7	v358	11
2	63	x527	11
2	1	v357	11
2	62	x526	11
2	27	v356	11
2	20	x525	11
2	13	v355	11
2	51	x524	11
2	31	v354	11
2	28	x523	11
2	35	v353	11
2	16	x522	11
2	57	v352	11
2	56	x521	11
2	53	v351	11
2	59	x520	11
2	2	v350	11
2	52	x519	11
2	17	v349	11
2	60	x518	11
2	21	v348	11
2	40	x517	11
2	8	v347	11
2	55	x516	11
2	10	v346	11
2	58	x515	11
2	5	v345	11
2	50	x514	11
2	24	v344	11
2	46	x513	11
2	18	v343	11
2	44	x512	11
2	30	v342	11
2	48	x511	11
2	32	v341	11
2	36	x510	11
1	58	v340	11
2	42	x509	11
1	13	v339	11
2	38	x508	11
1	40	v338	11
2	34	x507	11
1	7	v337	11
1	36	x506	11
1	3	v336	11
1	62	x505	11
1	32	v335	11
1	48	x504	11
1	34	v334	11
1	26	x503	11
1	46	v333	11
1	22	x502	11
1	44	v332	11
1	28	x501	11
1	50	v331	11
1	24	x500	11
1	43	v330	11
1	20	x499	11
1	59	v329	11
1	14	x498	11
1	56	v328	11
1	61	x497	11
1	53	v327	11
1	9	x496	11
1	17	v326	11
1	63	x495	11
1	37	v325	11
1	5	x494	11
1	51	v324	11
1	30	x493	11
1	60	v323	11
1	2	x492	11
1	11	v322	11
1	18	x491	11
1	52	v321	11
1	16	x490	11
1	27	v320	11
1	38	x489	11
1	54	v319	11
1	0	x488	11
1	49	v318	11
1	42	x487	11
1	55	v317	11
1	-1	-1	11
1	39	v316	11
1	-1	-1	11
1	19	v315	11
1	-1	-1	11
1	15	v314	11
1	-1	-1	11
1	25	v313	11
1	-1	-1	11
1	31	v312	11
1	-1	-1	11
1	29	v311	11
1	-1	-1	11
1	1	v310	11
1	-1	-1	11
1	35	v309	11
1	-1	-1	11
1	41	v308	11
1	-1	-1	11
1	33	v307	11
1	-1	-1	11
1	6	v306	11
1	-1	-1	11
1	12	v305	11
1	-1	-1	11
1	4	v304	11
1	-1	-1	11
1	23	v303	11
1	-1	-1	11
1	10	v302	11
1	-1	-1	11
1	47	v301	11
1	45	v298	11
1	21	v300	11
1	57	v297	11
1	8	v299	11
2	3	x648	10
2	45	v444	10
2	11	x647	10
2	47	v443	10
2	22	x646	10
2	54	v442	10
2	4	x645	10
2	41	v441	10
2	12	x644	10
2	43	v440	10
2	23	x643	10
2	33	v439	10
2	19	x642	10
2	39	v438	10
2	15	x641	10
2	37	v437	10
2	14	x640	10
2	6	v436	10
2	61	x639	10
2	9	v435	10
2	0	x638	10
2	25	v434	10
2	26	x637	10
2	29	v433	10
2	49	x636	10
2	7	v432	10
2	63	x635	10
2	1	v431	10
2	62	x634	10
2	27	v430	10
2	20	x633	10
2	13	v429	10
2	51	x632	10
2	31	v428	10
2	28	x631	10
2	35	v427	10
2	16	x630	10
2	57	v426	10
2	56	x629	10
2	53	v425	10
2	59	x628	10
2	2	v424	10
2	52	x627	10
2	17	v423	10
2	60	x626	10
2	21	v422	10
2	40	x625	10
2	8	v421	10
2	55	x624	10
2	10	v420	10
2	58	x623	10
2	5	v419	10
2	50	x622	10
2	24	v418	10
2	46	x621	10
2	18	v417	10
2	44	x620	10
2	30	v416	10
2	48	x619	10
2	32	v415	10
2	36	x618	10
1	58	v414	10
2	42	x617	10
1	13	v413	10
2	38	x616	10
1	40	v412	10
2	34	x615	10
1	7	v411	10
1	36	x614	10
1	3	v410	10
1	62	x613	10
1	32	v409	10
1	48	x612	10
1	34	v408	10
1	26	x611	10
1	46	v407	10
1	22	x610	10
1	44	v406	10
1	28	x609	10
1	50	v405	10
1	24	x608	10
1	43	v404	10
1	20	x607	10
1	59	v403	10
1	14	x606	10
1	56	v402	10
1	61	x605	10
1	53	v401	10
1	9	x604	10
1	17	v400	10
1	63	x603	10
1	37	v399	10
1	5	x602	10
1	51	v398	10
1	30	x601	10
1	60	v397	10
1	2	x600	10
1	11	v396	10
1	18	x599	10
1	52	v395	10
1	16	x598	10
1	27	v394	10
1	38	x597	10
1	54	v393	10
1	0	x596	10
1	49	v392	10
1	42	x595	10
1	55	v391	10
1	-1	-1	10
1	39	v390	10
1	-1	-1	10
1	19	v389	10
1	-1	-1	10
1	15	v388	10
1	-1	-1	10
1	25	v387	10
1	-1	-1	10
1	31	v386	10
1	-1	-1	10
1	29	v385	10
1	-1	-1	10
1	1	v384	10
1	-1	-1	10
1	35	v383	10
1	-1	-1	10
1	41	v382	10
1	-1	-1	10
1	33	v381	10
1	-1	-1	10
1	6	v380	10
1	-1	-1	10
1	12	v379	10
1	-1	-1	10
1	4	v378	10
1	-1	-1	10
1	23	v377	10
1	-1	-1	10
1	10	v376	10
1	-1	-1	10
1	47	v375	10
1	45	v372	10
1	21	v374	10
1	57	v371	10
1	8	v373	10
2	3	x756	9
2	45	v518	9
2	11	x755	9
2	47	v517	9
2	22	x754	9
2	54	v516	9
2	4	x753	9
2	41	v515	9
2	12	x752	9
2	43	v514	9
2	23	x751	9
2	33	v513	9
2	19	x750	9
2	39	v512	9
2	15	x749	9
2	37	v511	9
2	14	x748	9
2	6	v510	9
2	61	x747	9
2	9	v509	9
2	0	x746	9
2	25	v508	9
2	26	x745	9
2	29	v507	9
2	49	x744	9
2	7	v506	9
2	63	x743	9
2	1	v505	9
2	62	x742	9
2	27	v504	9
2	20	x741	9
2	13	v503	9
2	51	x740	9
2	31	v502	9
2	28	x739	9
2	35	v501	9
2	16	x738	9
2	57	v500	9
2	56	x737	9
2	53	v499	9
2	59	x736	9
2	2	v498	9
2	52	x735	9
2	17	v497	9
2	60	x734	9
2	21	v496	9
2	40	x733	9
2	8	v495	9
2	55	x732	9
2	10	v494	9
2	58	x731	9
2	5	v493	9
2	50	x730	9
2	24	v492	9
2	46	x729	9
2	18	v491	9
2	44	x728	9
2	30	v490	9
2	48	x727	9
2	32	v489	9
2	36	x726	9
1	58	v488	9
2	42	x725	9
1	13	v487	9
2	38	x724	9
1	40	v486	9
2	34	x723	9
1	7	v485	9
1	36	x722	9
1	3	v484	9
1	62	x721	9
1	32	v483	9
1	48	x720	9
1	34	v482	9
1	26	x719	9
1	46	v481	9
1	22	x718	9
1	44	v480	9
1	28	x717	9
1	50	v479	9
1	24	x716	9
1	43	v478	9
1	20	x715	9
1	59	v477	9
1	14	x714	9
1	56	v476	9
1	61	x713	9
1	53	v475	9
1	9	x712	9
1	17	v474	9
1	63	x711	9
1	37	v473	9
1	5	x710	9
1	51	v472	9
1	30	x709	9
1	60	v471	9
1	2	x708	9
1	11	v470	9
1	18	x707	9
1	52	v469	9
1	16	x706	9
1	27	v468	9
1	38	x705	9
1	54	v467	9
1	0	x704	9
1	49	v466	9
1	42	x703	9
1	55	v465	9
1	-1	-1	9
1	39	v464	9
1	-1	-1	9
1	19	v463	9
1	-1	-1	9
1	15	v462	9
1	-1	-1	9
1	25	v461	9
1	-1	-1	9
1	31	v460	9
1	-1	-1	9
1	29	v459	9
1	-1	-1	9
1	1	v458	9
1	-1	-1	9
1	35	v457	9
1	-1	-1	9
1	41	v456	9
1	-1	-1	9
1	33	v455	9
1	-1	-1	9
1	6	v454	9
1	-1	-1	9
1	12	v453	9
1	-1	-1	9
1	4	v452	9
1	-1	-1	9
1	23	v451	9
1	-1	-1	9
1	10	v450	9
1	-1	-1	9
1	47	v449	9
1	45	v446	9
1	21	v448	9
1	57	v445	9
1	8	v447	9
2	3	x757	7
2	45	v1106	7
2	11	x758	7
2	47	v1107	7
2	22	x759	7
2	54	v1108	7
2	4	x760	7
2	41	v1109	7
2	12	x761	7
2	43	v1110	7
2	23	x762	7
2	33	v1111	7
2	19	x763	7
2	39	v1112	7
2	15	x764	7
2	37	v1113	7
2	14	x765	7
2	6	v1114	7
2	61	x766	7
2	9	v1115	7
2	0	x767	7
2	25	v1116	7
2	26	x768	7
2	29	v1117	7
2	49	x769	7
2	7	v1118	7
2	63	x770	7
2	1	v1119	7
2	62	x771	7
2	27	v1120	7
2	20	x772	7
2	13	v1121	7
2	51	x773	7
2	31	v1122	7
2	28	x774	7
2	35	v1123	7
2	16	x775	7
2	57	v1124	7
2	56	x776	7
2	53	v1125	7
2	59	x777	7
2	2	v1126	7
2	52	x778	7
2	17	v1127	7
2	60	x779	7
2	21	v1128	7
2	40	x780	7
2	8	v1129	7
2	55	x781	7
2	10	v1130	7
2	58	x782	7
2	5	v1131	7
2	50	x783	7
2	24	v1132	7
2	46	x784	7
2	18	v1133	7
2	44	x785	7
2	30	v1134	7
2	48	x786	7
2	32	v1135	7
2	36	x787	7
1	58	v1136	7
2	42	x788	7
1	13	v1137	7
2	38	x789	7
1	40	v1138	7
2	34	x790	7
1	7	v1139	7
1	36	x791	7
1	3	v1140	7
1	62	x792	7
1	32	v1141	7
1	48	x793	7
1	34	v1142	7
1	26	x794	7
1	46	v1143	7
1	22	x795	7
1	44	v1144	7
1	28	x796	7
1	50	v1145	7
1	24	x797	7
1	43	v1146	7
1	20	x798	7
1	59	v1147	7
1	14	x799	7
1	56	v1148	7
1	61	x800	7
1	53	v1149	7
1	9	x801	7
1	17	v1150	7
1	63	x802	7
1	37	v1151	7
1	5	x803	7
1	51	v1152	7
1	30	x804	7
1	60	v1153	7
1	2	x805	7
1	11	v1154	7
1	18	x806	7
1	52	v1155	7
1	16	-1	7
1	27	v1156	7
1	38	-1	7
1	54	v1157	7
1	0	-1	7
1	49	v1158	7
1	42	-1	7
1	55	v1159	7
1	-1	-1	7
1	39	v1160	7
1	-1	-1	7
1	19	v1161	7
1	-1	-1	7
1	15	v1162	7
1	-1	-1	7
1	25	v1163	7
1	-1	-1	7
1	31	v1164	7
1	-1	-1	7
1	29	v1165	7
1	-1	-1	7
1	1	v1166	7
1	-1	-1	7
1	35	v1167	7
1	-1	-1	7
1	41	v1168	7
1	-1	-1	7
1	33	v1169	7
1	-1	-1	7
1	6	v1170	7
1	-1	-1	7
1	12	v1171	7
1	-1	-1	7
1	4	v1172	7
1	-1	-1	7
1	23	v1173	7
1	-1	-1	7
1	10	-1	7
1	-1	-1	7
1	47	-1	7
1	45	-1	7
1	21	-1	7
1	57	-1	7
1	8	-1	7
2	3	-1	8
2	45	-1	8
2	11	-1	8
2	47	-1	8
2	22	-1	8
2	54	-1	8
2	4	-1	8
2	41	-1	8
2	12	x856	8
2	43	-1	8
2	23	x855	8
2	33	v587	8
2	19	x854	8
2	39	v586	8
2	15	x853	8
2	37	v585	8
2	14	x852	8
2	6	v584	8
2	61	x851	8
2	9	v583	8
2	0	x850	8
2	25	v582	8
2	26	x849	8
2	29	v581	8
2	49	x848	8
2	7	v580	8
2	63	x847	8
2	1	v579	8
2	62	x846	8
2	27	v578	8
2	20	x845	8
2	13	v577	8
2	51	x844	8
2	31	v576	8
2	28	x843	8
2	35	v575	8
2	16	x842	8
2	57	v574	8
2	56	x841	8
2	53	v573	8
2	59	x840	8
2	2	v572	8
2	52	x839	8
2	17	v571	8
2	60	x838	8
2	21	v570	8
2	40	x837	8
2	8	v569	8
2	55	x836	8
2	10	v568	8
2	58	x835	8
2	5	v567	8
2	50	x834	8
2	24	v566	8
2	46	x833	8
2	18	v565	8
2	44	x832	8
2	30	v564	8
2	48	x831	8
2	32	v563	8
2	36	x830	8
1	58	v562	8
2	42	x829	8
1	13	v561	8
2	38	x828	8
1	40	v560	8
2	34	x827	8
1	7	v559	8
1	36	x826	8
1	3	v558	8
1	62	x825	8
1	32	v557	8
1	48	x824	8
1	34	v556	8
1	26	x823	8
1	46	v555	8
1	22	x822	8
1	44	v554	8
1	28	x821	8
1	50	v553	8
1	24	x820	8
1	43	v552	8
1	20	x819	8
1	59	v551	8
1	14	x818	8
1	56	v550	8
1	61	x817	8
1	53	v549	8
1	9	x816	8
1	17	v548	8
1	63	x815	8
1	37	v547	8
1	5	x814	8
1	51	v546	8
1	30	x813	8
1	60	v545	8
1	2	x812	8
1	11	v544	8
1	18	x811	8
1	52	v543	8
1	16	x810	8
1	27	v542	8
1	38	x809	8
1	54	v541	8
1	0	x808	8
1	49	v540	8
1	42	x807	8
1	55	v539	8
1	-1	-1	8
1	39	v538	8
1	-1	-1	8
1	19	v537	8
1	-1	-1	8
1	15	v536	8
1	-1	-1	8
1	25	v535	8
1	-1	-1	8
1	31	v534	8
1	-1	-1	8
1	29	v533	8
1	-1	-1	8
1	1	v532	8
1	-1	-1	8
1	35	v531	8
1	-1	-1	8
1	41	v530	8
1	-1	-1	8
1	33	v529	8
1	-1	-1	8
1	6	v528	8
1	-1	-1	8
1	12	v527	8
1	-1	-1	8
1	4	v526	8
1	-1	-1	8
1	23	v525	8
1	-1	-1	8
1	10	v524	8
1	-1	-1	8
1	47	v523	8
1	45	v520	8
1	21	v522	8
1	57	v519	8
1	8	v521	8

