 2     3     x1     15   
 2     11    x2     15   
 2     22    x3     15   
 2     4     x4     15   
 2     12    x5     15   
 2     23    x6     15   
 2     19    x7     15   
 2     15    x8     15   
 2     14    x9     15   
 2     61    x10    15   
 2     0     x11    15   
 2     26    x12    15   
 2     49    x13    15   
 2     63    x14    15   
 2     62    x15    15   
 2     20    x16    15   
 2     51    x17    15   
 2     28    x18    15   
 2     16    x19    15   
 2     56    x20    15   
 2     59    x21    15   
 2     52    x22    15   
 2     60    x23    15   
 2     40    x24    15   
 2     55    x25    15   
 2     58    x26    15   
 2     50    x27    15   
 2     46    x28    15   
 2     44    x29    15   
 2     48    x30    15   
 2     36    x31    15   
 2     42    x32    15   
 2     38    x33    15   
 2     34    x34    15   
 1     36    x35    15   
 1     62    x36    15   
 1     48    x37    15   
 1     26    x38    15   
 1     22    x39    15   
 1     28    x40    15   
 1     24    x41    15   
 1     20    x42    15   
 1     14    x43    15   
 1     61    x44    15   
 1     9     x45    15   
 1     63    x46    15   
 1     5     x47    15   
 1     30    x48    15   
 1     2     x49    15   
 1     18    x50    15   
 1     16    x51    15   
 1     38    x52    15   
 1     0     x53    15   
 1     42    x54    15   
 1     -1    -1     15   
 1     -1    -1     15   
 1     -1    -1     15   
 1     -1    -1     15   
 1     -1    -1     15   
 1     -1    -1     15   
 1     -1    -1     15   
 1     -1    -1     15   
 1     -1    -1     15   
 1     -1    -1     15   
 1     -1    -1     15   
 1     -1    -1     15   
 1     -1    -1     15   
 1     -1    -1     15   
 1     -1    -1     15   
 1     -1    -1     15   
 1     -1    -1     7    
 1     -1    -1     7    
 1     -1    -1     7    
 1     -1    -1     7    
 1     -1    -1     7    
 1     -1    -1     7    
 1     -1    -1     7    
 1     -1    -1     7    
 1     -1    -1     7    
 1     -1    -1     7    
 1     -1    -1     7    
 1     -1    -1     7    
 1     -1    -1     7    
 1     -1    -1     7    
 1     -1    -1     7    
 1     -1    -1     7    
 1     42    x55    7    
 1     0     x56    7    
 1     38    x57    7    
 1     16    x58    7    
 1     18    x59    7    
 1     2     x60    7    
 1     30    x61    7    
 1     5     x62    7    
 1     63    x63    7    
 1     9     x64    7    
 1     61    x65    7    
 1     14    x66    7    
 1     20    x67    7    
 1     24    x68    7    
 1     28    x69    7    
 1     22    x70    7    
 1     26    x71    7    
 1     48    x72    7    
 1     62    x73    7    
 1     36    x74    7    
 2     34    x75    7    
 2     38    x76    7    
 2     42    x77    7    
 2     36    x78    7    
 2     48    x79    7    
 2     44    x80    7    
 2     46    x81    7    
 2     50    x82    7    
 2     58    x83    7    
 2     55    x84    7    
 2     40    x85    7    
 2     60    x86    7    
 2     52    x87    7    
 2     59    x88    7    
 2     56    x89    7    
 2     16    x90    7    
 2     28    x91    7    
 2     51    x92    7    
 2     20    x93    7    
 2     62    x94    7    
 2     63    x95    7    
 2     49    x96    7    
 2     26    x97    7    
 2     0     x98    7    
 2     61    x99    7    
 2     14    x100   7    
 2     15    x101   7    
 2     19    x102   7    
 2     23    x103   7    
 2     12    x104   7    
 2     4     x105   7    
 2     22    x106   7    
 2     11    x107   7    
 2     3     x108   7    
 2     3     x109   14   
 2     11    x110   14   
 2     22    x111   14   
 2     4     x112   14   
 2     12    x113   14   
 2     23    x114   14   
 2     19    x115   14   
 2     15    x116   14   
 2     14    x117   14   
 2     61    x118   14   
 2     0     x119   14   
 2     26    x120   14   
 2     49    x121   14   
 2     63    x122   14   
 2     62    x123   14   
 2     20    x124   14   
 2     51    x125   14   
 2     28    x126   14   
 2     16    x127   14   
 2     56    x128   14   
 2     59    x129   14   
 2     52    x130   14   
 2     60    x131   14   
 2     40    x132   14   
 2     55    x133   14   
 2     58    x134   14   
 2     50    x135   14   
 2     46    x136   14   
 2     44    x137   14   
 2     48    x138   14   
 2     36    x139   14   
 2     42    x140   14   
 2     38    x141   14   
 2     34    x142   14   
 1     36    x143   14   
 1     62    x144   14   
 1     48    x145   14   
 1     26    x146   14   
 1     22    x147   14   
 1     28    x148   14   
 1     24    x149   14   
 1     20    x150   14   
 1     14    x151   14   
 1     61    x152   14   
 1     9     x153   14   
 1     63    x154   14   
 1     5     x155   14   
 1     30    x156   14   
 1     2     x157   14   
 1     18    x158   14   
 1     16    x159   14   
 1     38    x160   14   
 1     0     x161   14   
 1     42    x162   14   
 1     -1    -1     14   
 1     -1    -1     14   
 1     -1    -1     14   
 1     -1    -1     14   
 1     -1    -1     14   
 1     -1    -1     14   
 1     -1    -1     14   
 1     -1    -1     14   
 1     -1    -1     14   
 1     -1    -1     14   
 1     -1    -1     14   
 1     -1    -1     14   
 1     -1    -1     14   
 1     -1    -1     14   
 1     -1    -1     14   
 1     -1    -1     14   
 1     -1    -1     6    
 1     -1    -1     6    
 1     -1    -1     6    
 1     -1    -1     6    
 1     -1    -1     6    
 1     -1    -1     6    
 1     -1    -1     6    
 1     -1    -1     6    
 1     -1    -1     6    
 1     -1    -1     6    
 1     -1    -1     6    
 1     -1    -1     6    
 1     -1    -1     6    
 1     -1    -1     6    
 1     -1    -1     6    
 1     -1    -1     6    
 1     42    x163   6    
 1     0     x164   6    
 1     38    x165   6    
 1     16    x166   6    
 1     18    x167   6    
 1     2     x168   6    
 1     30    x169   6    
 1     5     x170   6    
 1     63    x171   6    
 1     9     x172   6    
 1     61    x173   6    
 1     14    x174   6    
 1     20    x175   6    
 1     24    x176   6    
 1     28    x177   6    
 1     22    x178   6    
 1     26    x179   6    
 1     48    x180   6    
 1     62    x181   6    
 1     36    x182   6    
 2     34    x183   6    
 2     38    x184   6    
 2     42    x185   6    
 2     36    x186   6    
 2     48    x187   6    
 2     44    x188   6    
 2     46    x189   6    
 2     50    x190   6    
 2     58    x191   6    
 2     55    x192   6    
 2     40    x193   6    
 2     60    x194   6    
 2     52    x195   6    
 2     59    x196   6    
 2     56    x197   6    
 2     16    x198   6    
 2     28    x199   6    
 2     51    x200   6    
 2     20    x201   6    
 2     62    x202   6    
 2     63    x203   6    
 2     49    x204   6    
 2     26    x205   6    
 2     0     x206   6    
 2     61    x207   6    
 2     14    x208   6    
 2     15    x209   6    
 2     19    x210   6    
 2     23    x211   6    
 2     12    x212   6    
 2     4     x213   6    
 2     22    x214   6    
 2     11    x215   6    
 2     3     x216   6    
 2     3     x217   13   
 2     11    x218   13   
 2     22    x219   13   
 2     4     x220   13   
 2     12    x221   13   
 2     23    x222   13   
 2     19    x223   13   
 2     15    x224   13   
 2     14    x225   13   
 2     61    x226   13   
 2     0     x227   13   
 2     26    x228   13   
 2     49    x229   13   
 2     63    x230   13   
 2     62    x231   13   
 2     20    x232   13   
 2     51    x233   13   
 2     28    x234   13   
 2     16    x235   13   
 2     56    x236   13   
 2     59    x237   13   
 2     52    x238   13   
 2     60    x239   13   
 2     40    x240   13   
 2     55    x241   13   
 2     58    x242   13   
 2     50    x243   13   
 2     46    x244   13   
 2     44    x245   13   
 2     48    x246   13   
 2     36    x247   13   
 2     42    x248   13   
 2     38    x249   13   
 2     34    x250   13   
 1     36    x251   13   
 1     62    x252   13   
 1     48    x253   13   
 1     26    x254   13   
 1     22    x255   13   
 1     28    x256   13   
 1     24    x257   13   
 1     20    x258   13   
 1     14    x259   13   
 1     61    x260   13   
 1     9     x261   13   
 1     63    x262   13   
 1     5     x263   13   
 1     30    x264   13   
 1     2     x265   13   
 1     18    x266   13   
 1     16    x267   13   
 1     38    x268   13   
 1     0     x269   13   
 1     42    x270   13   
 1     -1    -1     13   
 1     -1    -1     13   
 1     -1    -1     13   
 1     -1    -1     13   
 1     -1    -1     13   
 1     -1    -1     13   
 1     -1    -1     13   
 1     -1    -1     13   
 1     -1    -1     13   
 1     -1    -1     13   
 1     -1    -1     13   
 1     -1    -1     13   
 1     -1    -1     13   
 1     -1    -1     13   
 1     -1    -1     13   
 1     -1    -1     13   
 1     -1    -1     5    
 1     -1    -1     5    
 1     -1    -1     5    
 1     -1    -1     5    
 1     -1    -1     5    
 1     -1    -1     5    
 1     -1    -1     5    
 1     -1    -1     5    
 1     -1    -1     5    
 1     -1    -1     5    
 1     -1    -1     5    
 1     -1    -1     5    
 1     -1    -1     5    
 1     -1    -1     5    
 1     -1    -1     5    
 1     -1    -1     5    
 1     42    x271   5    
 1     0     x272   5    
 1     38    x273   5    
 1     16    x274   5    
 1     18    x275   5    
 1     2     x276   5    
 1     30    x277   5    
 1     5     x278   5    
 1     63    x279   5    
 1     9     x280   5    
 1     61    x281   5    
 1     14    x282   5    
 1     20    x283   5    
 1     24    x284   5    
 1     28    x285   5    
 1     22    x286   5    
 1     26    x287   5    
 1     48    x288   5    
 1     62    x289   5    
 1     36    x290   5    
 2     34    x291   5    
 2     38    x292   5    
 2     42    x293   5    
 2     36    x294   5    
 2     48    x295   5    
 2     44    x296   5    
 2     46    x297   5    
 2     50    x298   5    
 2     58    x299   5    
 2     55    x300   5    
 2     40    x301   5    
 2     60    x302   5    
 2     52    x303   5    
 2     59    x304   5    
 2     56    x305   5    
 2     16    x306   5    
 2     28    x307   5    
 2     51    x308   5    
 2     20    x309   5    
 2     62    x310   5    
 2     63    x311   5    
 2     49    x312   5    
 2     26    x313   5    
 2     0     x314   5    
 2     61    x315   5    
 2     14    x316   5    
 2     15    x317   5    
 2     19    x318   5    
 2     23    x319   5    
 2     12    x320   5    
 2     4     x321   5    
 2     22    x322   5    
 2     11    x323   5    
 2     3     x324   5    
 2     3     x325   12   
 2     11    x326   12   
 2     22    x327   12   
 2     4     x328   12   
 2     12    x329   12   
 2     23    x330   12   
 2     19    x331   12   
 2     15    x332   12   
 2     14    x333   12   
 2     61    x334   12   
 2     0     x335   12   
 2     26    x336   12   
 2     49    x337   12   
 2     63    x338   12   
 2     62    x339   12   
 2     20    x340   12   
 2     51    x341   12   
 2     28    x342   12   
 2     16    x343   12   
 2     56    x344   12   
 2     59    x345   12   
 2     52    x346   12   
 2     60    x347   12   
 2     40    x348   12   
 2     55    x349   12   
 2     58    x350   12   
 2     50    x351   12   
 2     46    x352   12   
 2     44    x353   12   
 2     48    x354   12   
 2     36    x355   12   
 2     42    x356   12   
 2     38    x357   12   
 2     34    x358   12   
 1     36    x359   12   
 1     62    x360   12   
 1     48    x361   12   
 1     26    x362   12   
 1     22    x363   12   
 1     28    x364   12   
 1     24    x365   12   
 1     20    x366   12   
 1     14    x367   12   
 1     61    x368   12   
 1     9     x369   12   
 1     63    x370   12   
 1     5     x371   12   
 1     30    x372   12   
 1     2     x373   12   
 1     18    x374   12   
 1     16    x375   12   
 1     38    x376   12   
 1     0     x377   12   
 1     42    x378   12   
 1     -1    -1     12   
 1     -1    -1     12   
 1     -1    -1     12   
 1     -1    -1     12   
 1     -1    -1     12   
 1     -1    -1     12   
 1     -1    -1     12   
 1     -1    -1     12   
 1     -1    -1     12   
 1     -1    -1     12   
 1     -1    -1     12   
 1     -1    -1     12   
 1     -1    -1     12   
 1     -1    -1     12   
 1     -1    -1     12   
 1     -1    -1     12   
 1     -1    -1     4    
 1     -1    -1     4    
 1     -1    -1     4    
 1     -1    -1     4    
 1     -1    -1     4    
 1     -1    -1     4    
 1     -1    -1     4    
 1     -1    -1     4    
 1     -1    -1     4    
 1     -1    -1     4    
 1     -1    -1     4    
 1     -1    -1     4    
 1     -1    -1     4    
 1     -1    -1     4    
 1     -1    -1     4    
 1     -1    -1     4    
 1     42    x379   4    
 1     0     x380   4    
 1     38    x381   4    
 1     16    x382   4    
 1     18    x383   4    
 1     2     x384   4    
 1     30    x385   4    
 1     5     x386   4    
 1     63    x387   4    
 1     9     x388   4    
 1     61    x389   4    
 1     14    x390   4    
 1     20    x391   4    
 1     24    x392   4    
 1     28    x393   4    
 1     22    x394   4    
 1     26    x395   4    
 1     48    x396   4    
 1     62    x397   4    
 1     36    x398   4    
 2     34    x399   4    
 2     38    x400   4    
 2     42    x401   4    
 2     36    x402   4    
 2     48    x403   4    
 2     44    x404   4    
 2     46    x405   4    
 2     50    x406   4    
 2     58    x407   4    
 2     55    x408   4    
 2     40    x409   4    
 2     60    x410   4    
 2     52    x411   4    
 2     59    x412   4    
 2     56    x413   4    
 2     16    x414   4    
 2     28    x415   4    
 2     51    x416   4    
 2     20    x417   4    
 2     62    x418   4    
 2     63    x419   4    
 2     49    x420   4    
 2     26    x421   4    
 2     0     x422   4    
 2     61    x423   4    
 2     14    x424   4    
 2     15    x425   4    
 2     19    x426   4    
 2     23    x427   4    
 2     12    x428   4    
 2     4     x429   4    
 2     22    x430   4    
 2     11    x431   4    
 2     3     x432   4    
 2     3     x433   11   
 2     11    x434   11   
 2     22    x435   11   
 2     4     x436   11   
 2     12    x437   11   
 2     23    x438   11   
 2     19    x439   11   
 2     15    x440   11   
 2     14    x441   11   
 2     61    x442   11   
 2     0     x443   11   
 2     26    x444   11   
 2     49    x445   11   
 2     63    x446   11   
 2     62    x447   11   
 2     20    x448   11   
 2     51    x449   11   
 2     28    x450   11   
 2     16    x451   11   
 2     56    x452   11   
 2     59    x453   11   
 2     52    x454   11   
 2     60    x455   11   
 2     40    x456   11   
 2     55    x457   11   
 2     58    x458   11   
 2     50    x459   11   
 2     46    x460   11   
 2     44    x461   11   
 2     48    x462   11   
 2     36    x463   11   
 2     42    x464   11   
 2     38    x465   11   
 2     34    x466   11   
 1     36    x467   11   
 1     62    x468   11   
 1     48    x469   11   
 1     26    x470   11   
 1     22    x471   11   
 1     28    x472   11   
 1     24    x473   11   
 1     20    x474   11   
 1     14    x475   11   
 1     61    x476   11   
 1     9     x477   11   
 1     63    x478   11   
 1     5     x479   11   
 1     30    x480   11   
 1     2     x481   11   
 1     18    x482   11   
 1     16    x483   11   
 1     38    x484   11   
 1     0     x485   11   
 1     42    x486   11   
 1     -1    -1     11   
 1     -1    -1     11   
 1     -1    -1     11   
 1     -1    -1     11   
 1     -1    -1     11   
 1     -1    -1     11   
 1     -1    -1     11   
 1     -1    -1     11   
 1     -1    -1     11   
 1     -1    -1     11   
 1     -1    -1     11   
 1     -1    -1     11   
 1     -1    -1     11   
 1     -1    -1     11   
 1     -1    -1     11   
 1     -1    -1     11   
 1     -1    -1     3    
 1     -1    -1     3    
 1     -1    -1     3    
 1     -1    -1     3    
 1     -1    -1     3    
 1     -1    -1     3    
 1     -1    -1     3    
 1     -1    -1     3    
 1     -1    -1     3    
 1     -1    -1     3    
 1     -1    -1     3    
 1     -1    -1     3    
 1     -1    -1     3    
 1     -1    -1     3    
 1     -1    -1     3    
 1     -1    -1     3    
 1     42    x487   3    
 1     0     x488   3    
 1     38    x489   3    
 1     16    x490   3    
 1     18    x491   3    
 1     2     x492   3    
 1     30    x493   3    
 1     5     x494   3    
 1     63    x495   3    
 1     9     x496   3    
 1     61    x497   3    
 1     14    x498   3    
 1     20    x499   3    
 1     24    x500   3    
 1     28    x501   3    
 1     22    x502   3    
 1     26    x503   3    
 1     48    x504   3    
 1     62    x505   3    
 1     36    x506   3    
 2     34    x507   3    
 2     38    x508   3    
 2     42    x509   3    
 2     36    x510   3    
 2     48    x511   3    
 2     44    x512   3    
 2     46    x513   3    
 2     50    x514   3    
 2     58    x515   3    
 2     55    x516   3    
 2     40    x517   3    
 2     60    x518   3    
 2     52    x519   3    
 2     59    x520   3    
 2     56    x521   3    
 2     16    x522   3    
 2     28    x523   3    
 2     51    x524   3    
 2     20    x525   3    
 2     62    x526   3    
 2     63    x527   3    
 2     49    x528   3    
 2     26    x529   3    
 2     0     x530   3    
 2     61    x531   3    
 2     14    x532   3    
 2     15    x533   3    
 2     19    x534   3    
 2     23    x535   3    
 2     12    x536   3    
 2     4     x537   3    
 2     22    x538   3    
 2     11    x539   3    
 2     3     x540   3    
 2     3     x541   10   
 2     11    x542   10   
 2     22    x543   10   
 2     4     x544   10   
 2     12    x545   10   
 2     23    x546   10   
 2     19    x547   10   
 2     15    x548   10   
 2     14    x549   10   
 2     61    x550   10   
 2     0     x551   10   
 2     26    x552   10   
 2     49    x553   10   
 2     63    x554   10   
 2     62    x555   10   
 2     20    x556   10   
 2     51    x557   10   
 2     28    x558   10   
 2     16    x559   10   
 2     56    x560   10   
 2     59    x561   10   
 2     52    x562   10   
 2     60    x563   10   
 2     40    x564   10   
 2     55    x565   10   
 2     58    x566   10   
 2     50    x567   10   
 2     46    x568   10   
 2     44    x569   10   
 2     48    x570   10   
 2     36    x571   10   
 2     42    x572   10   
 2     38    x573   10   
 2     34    x574   10   
 1     36    x575   10   
 1     62    x576   10   
 1     48    x577   10   
 1     26    x578   10   
 1     22    x579   10   
 1     28    x580   10   
 1     24    x581   10   
 1     20    x582   10   
 1     14    x583   10   
 1     61    x584   10   
 1     9     x585   10   
 1     63    x586   10   
 1     5     x587   10   
 1     30    x588   10   
 1     2     x589   10   
 1     18    x590   10   
 1     16    x591   10   
 1     38    x592   10   
 1     0     x593   10   
 1     42    x594   10   
 1     -1    -1     10   
 1     -1    -1     10   
 1     -1    -1     10   
 1     -1    -1     10   
 1     -1    -1     10   
 1     -1    -1     10   
 1     -1    -1     10   
 1     -1    -1     10   
 1     -1    -1     10   
 1     -1    -1     10   
 1     -1    -1     10   
 1     -1    -1     10   
 1     -1    -1     10   
 1     -1    -1     10   
 1     -1    -1     10   
 1     -1    -1     10   
 1     -1    -1     2    
 1     -1    -1     2    
 1     -1    -1     2    
 1     -1    -1     2    
 1     -1    -1     2    
 1     -1    -1     2    
 1     -1    -1     2    
 1     -1    -1     2    
 1     -1    -1     2    
 1     -1    -1     2    
 1     -1    -1     2    
 1     -1    -1     2    
 1     -1    -1     2    
 1     -1    -1     2    
 1     -1    -1     2    
 1     -1    -1     2    
 1     42    x595   2    
 1     0     x596   2    
 1     38    x597   2    
 1     16    x598   2    
 1     18    x599   2    
 1     2     x600   2    
 1     30    x601   2    
 1     5     x602   2    
 1     63    x603   2    
 1     9     x604   2    
 1     61    x605   2    
 1     14    x606   2    
 1     20    x607   2    
 1     24    x608   2    
 1     28    x609   2    
 1     22    x610   2    
 1     26    x611   2    
 1     48    x612   2    
 1     62    x613   2    
 1     36    x614   2    
 2     34    x615   2    
 2     38    x616   2    
 2     42    x617   2    
 2     36    x618   2    
 2     48    x619   2    
 2     44    x620   2    
 2     46    x621   2    
 2     50    x622   2    
 2     58    x623   2    
 2     55    x624   2    
 2     40    x625   2    
 2     60    x626   2    
 2     52    x627   2    
 2     59    x628   2    
 2     56    x629   2    
 2     16    x630   2    
 2     28    x631   2    
 2     51    x632   2    
 2     20    x633   2    
 2     62    x634   2    
 2     63    x635   2    
 2     49    x636   2    
 2     26    x637   2    
 2     0     x638   2    
 2     61    x639   2    
 2     14    x640   2    
 2     15    x641   2    
 2     19    x642   2    
 2     23    x643   2    
 2     12    x644   2    
 2     4     x645   2    
 2     22    x646   2    
 2     11    x647   2    
 2     3     x648   2    
 2     3     x649   9    
 2     11    x650   9    
 2     22    x651   9    
 2     4     x652   9    
 2     12    x653   9    
 2     23    x654   9    
 2     19    x655   9    
 2     15    x656   9    
 2     14    x657   9    
 2     61    x658   9    
 2     0     x659   9    
 2     26    x660   9    
 2     49    x661   9    
 2     63    x662   9    
 2     62    x663   9    
 2     20    x664   9    
 2     51    x665   9    
 2     28    x666   9    
 2     16    x667   9    
 2     56    x668   9    
 2     59    x669   9    
 2     52    x670   9    
 2     60    x671   9    
 2     40    x672   9    
 2     55    x673   9    
 2     58    x674   9    
 2     50    x675   9    
 2     46    x676   9    
 2     44    x677   9    
 2     48    x678   9    
 2     36    x679   9    
 2     42    x680   9    
 2     38    x681   9    
 2     34    x682   9    
 1     36    x683   9    
 1     62    x684   9    
 1     48    x685   9    
 1     26    x686   9    
 1     22    x687   9    
 1     28    x688   9    
 1     24    x689   9    
 1     20    x690   9    
 1     14    x691   9    
 1     61    x692   9    
 1     9     x693   9    
 1     63    x694   9    
 1     5     x695   9    
 1     30    x696   9    
 1     2     x697   9    
 1     18    x698   9    
 1     16    x699   9    
 1     38    x700   9    
 1     0     x701   9    
 1     42    x702   9    
 1     -1    -1     9    
 1     -1    -1     9    
 1     -1    -1     9    
 1     -1    -1     9    
 1     -1    -1     9    
 1     -1    -1     9    
 1     -1    -1     9    
 1     -1    -1     9    
 1     -1    -1     9    
 1     -1    -1     9    
 1     -1    -1     9    
 1     -1    -1     9    
 1     -1    -1     9    
 1     -1    -1     9    
 1     -1    -1     9    
 1     -1    -1     9    
 1     -1    -1     1    
 1     -1    -1     1    
 1     -1    -1     1    
 1     -1    -1     1    
 1     -1    -1     1    
 1     -1    -1     1    
 1     -1    -1     1    
 1     -1    -1     1    
 1     -1    -1     1    
 1     -1    -1     1    
 1     -1    -1     1    
 1     -1    -1     1    
 1     -1    -1     1    
 1     -1    -1     1    
 1     -1    -1     1    
 1     -1    -1     1    
 1     42    x703   1    
 1     0     x704   1    
 1     38    x705   1    
 1     16    x706   1    
 1     18    x707   1    
 1     2     x708   1    
 1     30    x709   1    
 1     5     x710   1    
 1     63    x711   1    
 1     9     x712   1    
 1     61    x713   1    
 1     14    x714   1    
 1     20    x715   1    
 1     24    x716   1    
 1     28    x717   1    
 1     22    x718   1    
 1     26    x719   1    
 1     48    x720   1    
 1     62    x721   1    
 1     36    x722   1    
 2     34    x723   1    
 2     38    x724   1    
 2     42    x725   1    
 2     36    x726   1    
 2     48    x727   1    
 2     44    x728   1    
 2     46    x729   1    
 2     50    x730   1    
 2     58    x731   1    
 2     55    x732   1    
 2     40    x733   1    
 2     60    x734   1    
 2     52    x735   1    
 2     59    x736   1    
 2     56    x737   1    
 2     16    x738   1    
 2     28    x739   1    
 2     51    x740   1    
 2     20    x741   1    
 2     62    x742   1    
 2     63    x743   1    
 2     49    x744   1    
 2     26    x745   1    
 2     0     x746   1    
 2     61    x747   1    
 2     14    x748   1    
 2     15    x749   1    
 2     19    x750   1    
 2     23    x751   1    
 2     12    x752   1    
 2     4     x753   1    
 2     22    x754   1    
 2     11    x755   1    
 2     3     x756   1    
 2     3     x757   8    
 2     11    x758   8    
 2     22    x759   8    
 2     4     x760   8    
 2     12    x761   8    
 2     23    x762   8    
 2     19    x763   8    
 2     15    x764   8    
 2     14    x765   8    
 2     61    x766   8    
 2     0     x767   8    
 2     26    x768   8    
 2     49    x769   8    
 2     63    x770   8    
 2     62    x771   8    
 2     20    x772   8    
 2     51    x773   8    
 2     28    x774   8    
 2     16    x775   8    
 2     56    x776   8    
 2     59    x777   8    
 2     52    x778   8    
 2     60    x779   8    
 2     40    x780   8    
 2     55    x781   8    
 2     58    x782   8    
 2     50    x783   8    
 2     46    x784   8    
 2     44    x785   8    
 2     48    x786   8    
 2     36    x787   8    
 2     42    x788   8    
 2     38    x789   8    
 2     34    x790   8    
 1     36    x791   8    
 1     62    x792   8    
 1     48    x793   8    
 1     26    x794   8    
 1     22    x795   8    
 1     28    x796   8    
 1     24    x797   8    
 1     20    x798   8    
 1     14    x799   8    
 1     61    x800   8    
 1     9     x801   8    
 1     63    x802   8    
 1     5     x803   8    
 1     30    x804   8    
 1     2     x805   8    
 1     18    x806   8    
 1     16    -1     8    
 1     38    -1     8    
 1     0     -1     8    
 1     42    -1     8    
 1     -1    -1     8    
 1     -1    -1     8    
 1     -1    -1     8    
 1     -1    -1     8    
 1     -1    -1     8    
 1     -1    -1     8    
 1     -1    -1     8    
 1     -1    -1     8    
 1     -1    -1     8    
 1     -1    -1     8    
 1     -1    -1     8    
 1     -1    -1     8    
 1     -1    -1     8    
 1     -1    -1     8    
 1     -1    -1     8    
 1     -1    -1     8    
 1     -1    -1     0    
 1     -1    -1     0    
 1     -1    -1     0    
 1     -1    -1     0    
 1     -1    -1     0    
 1     -1    -1     0    
 1     -1    -1     0    
 1     -1    -1     0    
 1     -1    -1     0    
 1     -1    -1     0    
 1     -1    -1     0    
 1     -1    -1     0    
 1     -1    -1     0    
 1     -1    -1     0    
 1     -1    -1     0    
 1     -1    -1     0    
 1     42    x807   0    
 1     0     x808   0    
 1     38    x809   0    
 1     16    x810   0    
 1     18    x811   0    
 1     2     x812   0    
 1     30    x813   0    
 1     5     x814   0    
 1     63    x815   0    
 1     9     x816   0    
 1     61    x817   0    
 1     14    x818   0    
 1     20    x819   0    
 1     24    x820   0    
 1     28    x821   0    
 1     22    x822   0    
 1     26    x823   0    
 1     48    x824   0    
 1     62    x825   0    
 1     36    x826   0    
 2     34    x827   0    
 2     38    x828   0    
 2     42    x829   0    
 2     36    x830   0    
 2     48    x831   0    
 2     44    x832   0    
 2     46    x833   0    
 2     50    x834   0    
 2     58    x835   0    
 2     55    x836   0    
 2     40    x837   0    
 2     60    x838   0    
 2     52    x839   0    
 2     59    x840   0    
 2     56    x841   0    
 2     16    x842   0    
 2     28    x843   0    
 2     51    x844   0    
 2     20    x845   0    
 2     62    x846   0    
 2     63    x847   0    
 2     49    x848   0    
 2     26    x849   0    
 2     0     x850   0    
 2     61    x851   0    
 2     14    x852   0    
 2     15    x853   0    
 2     19    x854   0    
 2     23    x855   0    
 2     12    x856   0    
 2     4     -1     0    
 2     22    -1     0    
 2     11    -1     0    
 2     3     -1     0    
 1     57    v1     7    
 1     45    v2     7    
 1     8     v3     7    
 1     21    v4     7    
 1     47    v5     7    
 1     10    v6     7    
 1     23    v7     7    
 1     4     v8     7    
 1     12    v9     7    
 1     6     v10    7    
 1     33    v11    7    
 1     41    v12    7    
 1     35    v13    7    
 1     1     v14    7    
 1     29    v15    7    
 1     31    v16    7    
 1     25    v17    7    
 1     15    v18    7    
 1     19    v19    7    
 1     39    v20    7    
 1     55    v21    7    
 1     49    v22    7    
 1     54    v23    7    
 1     27    v24    7    
 1     52    v25    7    
 1     11    v26    7    
 1     60    v27    7    
 1     51    v28    7    
 1     37    v29    7    
 1     17    v30    7    
 1     53    v31    7    
 1     56    v32    7    
 1     59    v33    7    
 1     43    v34    7    
 1     50    v35    7    
 1     44    v36    7    
 1     46    v37    7    
 1     34    v38    7    
 1     32    v39    7    
 1     3     v40    7    
 1     7     v41    7    
 1     40    v42    7    
 1     13    v43    7    
 1     58    v44    7    
 2     32    v45    7    
 2     30    v46    7    
 2     18    v47    7    
 2     24    v48    7    
 2     5     v49    7    
 2     10    v50    7    
 2     8     v51    7    
 2     21    v52    7    
 2     17    v53    7    
 2     2     v54    7    
 2     53    v55    7    
 2     57    v56    7    
 2     35    v57    7    
 2     31    v58    7    
 2     13    v59    7    
 2     27    v60    7    
 2     1     v61    7    
 2     7     v62    7    
 2     29    v63    7    
 2     25    v64    7    
 2     9     v65    7    
 2     6     v66    7    
 2     37    v67    7    
 2     39    v68    7    
 2     33    v69    7    
 2     43    v70    7    
 2     41    v71    7    
 2     54    v72    7    
 2     47    v73    7    
 2     45    v74    7    
 1     57    v75    6    
 1     45    v76    6    
 1     8     v77    6    
 1     21    v78    6    
 1     47    v79    6    
 1     10    v80    6    
 1     23    v81    6    
 1     4     v82    6    
 1     12    v83    6    
 1     6     v84    6    
 1     33    v85    6    
 1     41    v86    6    
 1     35    v87    6    
 1     1     v88    6    
 1     29    v89    6    
 1     31    v90    6    
 1     25    v91    6    
 1     15    v92    6    
 1     19    v93    6    
 1     39    v94    6    
 1     55    v95    6    
 1     49    v96    6    
 1     54    v97    6    
 1     27    v98    6    
 1     52    v99    6    
 1     11    v100   6    
 1     60    v101   6    
 1     51    v102   6    
 1     37    v103   6    
 1     17    v104   6    
 1     53    v105   6    
 1     56    v106   6    
 1     59    v107   6    
 1     43    v108   6    
 1     50    v109   6    
 1     44    v110   6    
 1     46    v111   6    
 1     34    v112   6    
 1     32    v113   6    
 1     3     v114   6    
 1     7     v115   6    
 1     40    v116   6    
 1     13    v117   6    
 1     58    v118   6    
 2     32    v119   6    
 2     30    v120   6    
 2     18    v121   6    
 2     24    v122   6    
 2     5     v123   6    
 2     10    v124   6    
 2     8     v125   6    
 2     21    v126   6    
 2     17    v127   6    
 2     2     v128   6    
 2     53    v129   6    
 2     57    v130   6    
 2     35    v131   6    
 2     31    v132   6    
 2     13    v133   6    
 2     27    v134   6    
 2     1     v135   6    
 2     7     v136   6    
 2     29    v137   6    
 2     25    v138   6    
 2     9     v139   6    
 2     6     v140   6    
 2     37    v141   6    
 2     39    v142   6    
 2     33    v143   6    
 2     43    v144   6    
 2     41    v145   6    
 2     54    v146   6    
 2     47    v147   6    
 2     45    v148   6    
 1     57    v149   5    
 1     45    v150   5    
 1     8     v151   5    
 1     21    v152   5    
 1     47    v153   5    
 1     10    v154   5    
 1     23    v155   5    
 1     4     v156   5    
 1     12    v157   5    
 1     6     v158   5    
 1     33    v159   5    
 1     41    v160   5    
 1     35    v161   5    
 1     1     v162   5    
 1     29    v163   5    
 1     31    v164   5    
 1     25    v165   5    
 1     15    v166   5    
 1     19    v167   5    
 1     39    v168   5    
 1     55    v169   5    
 1     49    v170   5    
 1     54    v171   5    
 1     27    v172   5    
 1     52    v173   5    
 1     11    v174   5    
 1     60    v175   5    
 1     51    v176   5    
 1     37    v177   5    
 1     17    v178   5    
 1     53    v179   5    
 1     56    v180   5    
 1     59    v181   5    
 1     43    v182   5    
 1     50    v183   5    
 1     44    v184   5    
 1     46    v185   5    
 1     34    v186   5    
 1     32    v187   5    
 1     3     v188   5    
 1     7     v189   5    
 1     40    v190   5    
 1     13    v191   5    
 1     58    v192   5    
 2     32    v193   5    
 2     30    v194   5    
 2     18    v195   5    
 2     24    v196   5    
 2     5     v197   5    
 2     10    v198   5    
 2     8     v199   5    
 2     21    v200   5    
 2     17    v201   5    
 2     2     v202   5    
 2     53    v203   5    
 2     57    v204   5    
 2     35    v205   5    
 2     31    v206   5    
 2     13    v207   5    
 2     27    v208   5    
 2     1     v209   5    
 2     7     v210   5    
 2     29    v211   5    
 2     25    v212   5    
 2     9     v213   5    
 2     6     v214   5    
 2     37    v215   5    
 2     39    v216   5    
 2     33    v217   5    
 2     43    v218   5    
 2     41    v219   5    
 2     54    v220   5    
 2     47    v221   5    
 2     45    v222   5    
 1     57    v223   4    
 1     45    v224   4    
 1     8     v225   4    
 1     21    v226   4    
 1     47    v227   4    
 1     10    v228   4    
 1     23    v229   4    
 1     4     v230   4    
 1     12    v231   4    
 1     6     v232   4    
 1     33    v233   4    
 1     41    v234   4    
 1     35    v235   4    
 1     1     v236   4    
 1     29    v237   4    
 1     31    v238   4    
 1     25    v239   4    
 1     15    v240   4    
 1     19    v241   4    
 1     39    v242   4    
 1     55    v243   4    
 1     49    v244   4    
 1     54    v245   4    
 1     27    v246   4    
 1     52    v247   4    
 1     11    v248   4    
 1     60    v249   4    
 1     51    v250   4    
 1     37    v251   4    
 1     17    v252   4    
 1     53    v253   4    
 1     56    v254   4    
 1     59    v255   4    
 1     43    v256   4    
 1     50    v257   4    
 1     44    v258   4    
 1     46    v259   4    
 1     34    v260   4    
 1     32    v261   4    
 1     3     v262   4    
 1     7     v263   4    
 1     40    v264   4    
 1     13    v265   4    
 1     58    v266   4    
 2     32    v267   4    
 2     30    v268   4    
 2     18    v269   4    
 2     24    v270   4    
 2     5     v271   4    
 2     10    v272   4    
 2     8     v273   4    
 2     21    v274   4    
 2     17    v275   4    
 2     2     v276   4    
 2     53    v277   4    
 2     57    v278   4    
 2     35    v279   4    
 2     31    v280   4    
 2     13    v281   4    
 2     27    v282   4    
 2     1     v283   4    
 2     7     v284   4    
 2     29    v285   4    
 2     25    v286   4    
 2     9     v287   4    
 2     6     v288   4    
 2     37    v289   4    
 2     39    v290   4    
 2     33    v291   4    
 2     43    v292   4    
 2     41    v293   4    
 2     54    v294   4    
 2     47    v295   4    
 2     45    v296   4    
 1     57    v297   3    
 1     45    v298   3    
 1     8     v299   3    
 1     21    v300   3    
 1     47    v301   3    
 1     10    v302   3    
 1     23    v303   3    
 1     4     v304   3    
 1     12    v305   3    
 1     6     v306   3    
 1     33    v307   3    
 1     41    v308   3    
 1     35    v309   3    
 1     1     v310   3    
 1     29    v311   3    
 1     31    v312   3    
 1     25    v313   3    
 1     15    v314   3    
 1     19    v315   3    
 1     39    v316   3    
 1     55    v317   3    
 1     49    v318   3    
 1     54    v319   3    
 1     27    v320   3    
 1     52    v321   3    
 1     11    v322   3    
 1     60    v323   3    
 1     51    v324   3    
 1     37    v325   3    
 1     17    v326   3    
 1     53    v327   3    
 1     56    v328   3    
 1     59    v329   3    
 1     43    v330   3    
 1     50    v331   3    
 1     44    v332   3    
 1     46    v333   3    
 1     34    v334   3    
 1     32    v335   3    
 1     3     v336   3    
 1     7     v337   3    
 1     40    v338   3    
 1     13    v339   3    
 1     58    v340   3    
 2     32    v341   3    
 2     30    v342   3    
 2     18    v343   3    
 2     24    v344   3    
 2     5     v345   3    
 2     10    v346   3    
 2     8     v347   3    
 2     21    v348   3    
 2     17    v349   3    
 2     2     v350   3    
 2     53    v351   3    
 2     57    v352   3    
 2     35    v353   3    
 2     31    v354   3    
 2     13    v355   3    
 2     27    v356   3    
 2     1     v357   3    
 2     7     v358   3    
 2     29    v359   3    
 2     25    v360   3    
 2     9     v361   3    
 2     6     v362   3    
 2     37    v363   3    
 2     39    v364   3    
 2     33    v365   3    
 2     43    v366   3    
 2     41    v367   3    
 2     54    v368   3    
 2     47    v369   3    
 2     45    v370   3    
 1     57    v371   2    
 1     45    v372   2    
 1     8     v373   2    
 1     21    v374   2    
 1     47    v375   2    
 1     10    v376   2    
 1     23    v377   2    
 1     4     v378   2    
 1     12    v379   2    
 1     6     v380   2    
 1     33    v381   2    
 1     41    v382   2    
 1     35    v383   2    
 1     1     v384   2    
 1     29    v385   2    
 1     31    v386   2    
 1     25    v387   2    
 1     15    v388   2    
 1     19    v389   2    
 1     39    v390   2    
 1     55    v391   2    
 1     49    v392   2    
 1     54    v393   2    
 1     27    v394   2    
 1     52    v395   2    
 1     11    v396   2    
 1     60    v397   2    
 1     51    v398   2    
 1     37    v399   2    
 1     17    v400   2    
 1     53    v401   2    
 1     56    v402   2    
 1     59    v403   2    
 1     43    v404   2    
 1     50    v405   2    
 1     44    v406   2    
 1     46    v407   2    
 1     34    v408   2    
 1     32    v409   2    
 1     3     v410   2    
 1     7     v411   2    
 1     40    v412   2    
 1     13    v413   2    
 1     58    v414   2    
 2     32    v415   2    
 2     30    v416   2    
 2     18    v417   2    
 2     24    v418   2    
 2     5     v419   2    
 2     10    v420   2    
 2     8     v421   2    
 2     21    v422   2    
 2     17    v423   2    
 2     2     v424   2    
 2     53    v425   2    
 2     57    v426   2    
 2     35    v427   2    
 2     31    v428   2    
 2     13    v429   2    
 2     27    v430   2    
 2     1     v431   2    
 2     7     v432   2    
 2     29    v433   2    
 2     25    v434   2    
 2     9     v435   2    
 2     6     v436   2    
 2     37    v437   2    
 2     39    v438   2    
 2     33    v439   2    
 2     43    v440   2    
 2     41    v441   2    
 2     54    v442   2    
 2     47    v443   2    
 2     45    v444   2    
 1     57    v445   1    
 1     45    v446   1    
 1     8     v447   1    
 1     21    v448   1    
 1     47    v449   1    
 1     10    v450   1    
 1     23    v451   1    
 1     4     v452   1    
 1     12    v453   1    
 1     6     v454   1    
 1     33    v455   1    
 1     41    v456   1    
 1     35    v457   1    
 1     1     v458   1    
 1     29    v459   1    
 1     31    v460   1    
 1     25    v461   1    
 1     15    v462   1    
 1     19    v463   1    
 1     39    v464   1    
 1     55    v465   1    
 1     49    v466   1    
 1     54    v467   1    
 1     27    v468   1    
 1     52    v469   1    
 1     11    v470   1    
 1     60    v471   1    
 1     51    v472   1    
 1     37    v473   1    
 1     17    v474   1    
 1     53    v475   1    
 1     56    v476   1    
 1     59    v477   1    
 1     43    v478   1    
 1     50    v479   1    
 1     44    v480   1    
 1     46    v481   1    
 1     34    v482   1    
 1     32    v483   1    
 1     3     v484   1    
 1     7     v485   1    
 1     40    v486   1    
 1     13    v487   1    
 1     58    v488   1    
 2     32    v489   1    
 2     30    v490   1    
 2     18    v491   1    
 2     24    v492   1    
 2     5     v493   1    
 2     10    v494   1    
 2     8     v495   1    
 2     21    v496   1    
 2     17    v497   1    
 2     2     v498   1    
 2     53    v499   1    
 2     57    v500   1    
 2     35    v501   1    
 2     31    v502   1    
 2     13    v503   1    
 2     27    v504   1    
 2     1     v505   1    
 2     7     v506   1    
 2     29    v507   1    
 2     25    v508   1    
 2     9     v509   1    
 2     6     v510   1    
 2     37    v511   1    
 2     39    v512   1    
 2     33    v513   1    
 2     43    v514   1    
 2     41    v515   1    
 2     54    v516   1    
 2     47    v517   1    
 2     45    v518   1    
 1     57    v519   0    
 1     45    v520   0    
 1     8     v521   0    
 1     21    v522   0    
 1     47    v523   0    
 1     10    v524   0    
 1     23    v525   0    
 1     4     v526   0    
 1     12    v527   0    
 1     6     v528   0    
 1     33    v529   0    
 1     41    v530   0    
 1     35    v531   0    
 1     1     v532   0    
 1     29    v533   0    
 1     31    v534   0    
 1     25    v535   0    
 1     15    v536   0    
 1     19    v537   0    
 1     39    v538   0    
 1     55    v539   0    
 1     49    v540   0    
 1     54    v541   0    
 1     27    v542   0    
 1     52    v543   0    
 1     11    v544   0    
 1     60    v545   0    
 1     51    v546   0    
 1     37    v547   0    
 1     17    v548   0    
 1     53    v549   0    
 1     56    v550   0    
 1     59    v551   0    
 1     43    v552   0    
 1     50    v553   0    
 1     44    v554   0    
 1     46    v555   0    
 1     34    v556   0    
 1     32    v557   0    
 1     3     v558   0    
 1     7     v559   0    
 1     40    v560   0    
 1     13    v561   0    
 1     58    v562   0    
 2     32    v563   0    
 2     30    v564   0    
 2     18    v565   0    
 2     24    v566   0    
 2     5     v567   0    
 2     10    v568   0    
 2     8     v569   0    
 2     21    v570   0    
 2     17    v571   0    
 2     2     v572   0    
 2     53    v573   0    
 2     57    v574   0    
 2     35    v575   0    
 2     31    v576   0    
 2     13    v577   0    
 2     27    v578   0    
 2     1     v579   0    
 2     7     v580   0    
 2     29    v581   0    
 2     25    v582   0    
 2     9     v583   0    
 2     6     v584   0    
 2     37    v585   0    
 2     39    v586   0    
 2     33    v587   0    
 2     43    -1     0    
 2     41    -1     0    
 2     54    -1     0    
 2     47    -1     0    
 2     45    -1     0    
 2     45    v588   15   
 2     47    v589   15   
 2     54    v590   15   
 2     41    v591   15   
 2     43    v592   15   
 2     33    v593   15   
 2     39    v594   15   
 2     37    v595   15   
 2     6     v596   15   
 2     9     v597   15   
 2     25    v598   15   
 2     29    v599   15   
 2     7     v600   15   
 2     1     v601   15   
 2     27    v602   15   
 2     13    v603   15   
 2     31    v604   15   
 2     35    v605   15   
 2     57    v606   15   
 2     53    v607   15   
 2     2     v608   15   
 2     17    v609   15   
 2     21    v610   15   
 2     8     v611   15   
 2     10    v612   15   
 2     5     v613   15   
 2     24    v614   15   
 2     18    v615   15   
 2     30    v616   15   
 2     32    v617   15   
 1     58    v618   15   
 1     13    v619   15   
 1     40    v620   15   
 1     7     v621   15   
 1     3     v622   15   
 1     32    v623   15   
 1     34    v624   15   
 1     46    v625   15   
 1     44    v626   15   
 1     50    v627   15   
 1     43    v628   15   
 1     59    v629   15   
 1     56    v630   15   
 1     53    v631   15   
 1     17    v632   15   
 1     37    v633   15   
 1     51    v634   15   
 1     60    v635   15   
 1     11    v636   15   
 1     52    v637   15   
 1     27    v638   15   
 1     54    v639   15   
 1     49    v640   15   
 1     55    v641   15   
 1     39    v642   15   
 1     19    v643   15   
 1     15    v644   15   
 1     25    v645   15   
 1     31    v646   15   
 1     29    v647   15   
 1     1     v648   15   
 1     35    v649   15   
 1     41    v650   15   
 1     33    v651   15   
 1     6     v652   15   
 1     12    v653   15   
 1     4     v654   15   
 1     23    v655   15   
 1     10    v656   15   
 1     47    v657   15   
 1     21    v658   15   
 1     8     v659   15   
 1     45    v660   15   
 1     57    v661   15   
 2     45    v662   14   
 2     47    v663   14   
 2     54    v664   14   
 2     41    v665   14   
 2     43    v666   14   
 2     33    v667   14   
 2     39    v668   14   
 2     37    v669   14   
 2     6     v670   14   
 2     9     v671   14   
 2     25    v672   14   
 2     29    v673   14   
 2     7     v674   14   
 2     1     v675   14   
 2     27    v676   14   
 2     13    v677   14   
 2     31    v678   14   
 2     35    v679   14   
 2     57    v680   14   
 2     53    v681   14   
 2     2     v682   14   
 2     17    v683   14   
 2     21    v684   14   
 2     8     v685   14   
 2     10    v686   14   
 2     5     v687   14   
 2     24    v688   14   
 2     18    v689   14   
 2     30    v690   14   
 2     32    v691   14   
 1     58    v692   14   
 1     13    v693   14   
 1     40    v694   14   
 1     7     v695   14   
 1     3     v696   14   
 1     32    v697   14   
 1     34    v698   14   
 1     46    v699   14   
 1     44    v700   14   
 1     50    v701   14   
 1     43    v702   14   
 1     59    v703   14   
 1     56    v704   14   
 1     53    v705   14   
 1     17    v706   14   
 1     37    v707   14   
 1     51    v708   14   
 1     60    v709   14   
 1     11    v710   14   
 1     52    v711   14   
 1     27    v712   14   
 1     54    v713   14   
 1     49    v714   14   
 1     55    v715   14   
 1     39    v716   14   
 1     19    v717   14   
 1     15    v718   14   
 1     25    v719   14   
 1     31    v720   14   
 1     29    v721   14   
 1     1     v722   14   
 1     35    v723   14   
 1     41    v724   14   
 1     33    v725   14   
 1     6     v726   14   
 1     12    v727   14   
 1     4     v728   14   
 1     23    v729   14   
 1     10    v730   14   
 1     47    v731   14   
 1     21    v732   14   
 1     8     v733   14   
 1     45    v734   14   
 1     57    v735   14   
 2     45    v736   13   
 2     47    v737   13   
 2     54    v738   13   
 2     41    v739   13   
 2     43    v740   13   
 2     33    v741   13   
 2     39    v742   13   
 2     37    v743   13   
 2     6     v744   13   
 2     9     v745   13   
 2     25    v746   13   
 2     29    v747   13   
 2     7     v748   13   
 2     1     v749   13   
 2     27    v750   13   
 2     13    v751   13   
 2     31    v752   13   
 2     35    v753   13   
 2     57    v754   13   
 2     53    v755   13   
 2     2     v756   13   
 2     17    v757   13   
 2     21    v758   13   
 2     8     v759   13   
 2     10    v760   13   
 2     5     v761   13   
 2     24    v762   13   
 2     18    v763   13   
 2     30    v764   13   
 2     32    v765   13   
 1     58    v766   13   
 1     13    v767   13   
 1     40    v768   13   
 1     7     v769   13   
 1     3     v770   13   
 1     32    v771   13   
 1     34    v772   13   
 1     46    v773   13   
 1     44    v774   13   
 1     50    v775   13   
 1     43    v776   13   
 1     59    v777   13   
 1     56    v778   13   
 1     53    v779   13   
 1     17    v780   13   
 1     37    v781   13   
 1     51    v782   13   
 1     60    v783   13   
 1     11    v784   13   
 1     52    v785   13   
 1     27    v786   13   
 1     54    v787   13   
 1     49    v788   13   
 1     55    v789   13   
 1     39    v790   13   
 1     19    v791   13   
 1     15    v792   13   
 1     25    v793   13   
 1     31    v794   13   
 1     29    v795   13   
 1     1     v796   13   
 1     35    v797   13   
 1     41    v798   13   
 1     33    v799   13   
 1     6     v800   13   
 1     12    v801   13   
 1     4     v802   13   
 1     23    v803   13   
 1     10    v804   13   
 1     47    v805   13   
 1     21    v806   13   
 1     8     v807   13   
 1     45    v808   13   
 1     57    v809   13   
 2     45    v810   12   
 2     47    v811   12   
 2     54    v812   12   
 2     41    v813   12   
 2     43    v814   12   
 2     33    v815   12   
 2     39    v816   12   
 2     37    v817   12   
 2     6     v818   12   
 2     9     v819   12   
 2     25    v820   12   
 2     29    v821   12   
 2     7     v822   12   
 2     1     v823   12   
 2     27    v824   12   
 2     13    v825   12   
 2     31    v826   12   
 2     35    v827   12   
 2     57    v828   12   
 2     53    v829   12   
 2     2     v830   12   
 2     17    v831   12   
 2     21    v832   12   
 2     8     v833   12   
 2     10    v834   12   
 2     5     v835   12   
 2     24    v836   12   
 2     18    v837   12   
 2     30    v838   12   
 2     32    v839   12   
 1     58    v840   12   
 1     13    v841   12   
 1     40    v842   12   
 1     7     v843   12   
 1     3     v844   12   
 1     32    v845   12   
 1     34    v846   12   
 1     46    v847   12   
 1     44    v848   12   
 1     50    v849   12   
 1     43    v850   12   
 1     59    v851   12   
 1     56    v852   12   
 1     53    v853   12   
 1     17    v854   12   
 1     37    v855   12   
 1     51    v856   12   
 1     60    v857   12   
 1     11    v858   12   
 1     52    v859   12   
 1     27    v860   12   
 1     54    v861   12   
 1     49    v862   12   
 1     55    v863   12   
 1     39    v864   12   
 1     19    v865   12   
 1     15    v866   12   
 1     25    v867   12   
 1     31    v868   12   
 1     29    v869   12   
 1     1     v870   12   
 1     35    v871   12   
 1     41    v872   12   
 1     33    v873   12   
 1     6     v874   12   
 1     12    v875   12   
 1     4     v876   12   
 1     23    v877   12   
 1     10    v878   12   
 1     47    v879   12   
 1     21    v880   12   
 1     8     v881   12   
 1     45    v882   12   
 1     57    v883   12   
 2     45    v884   11   
 2     47    v885   11   
 2     54    v886   11   
 2     41    v887   11   
 2     43    v888   11   
 2     33    v889   11   
 2     39    v890   11   
 2     37    v891   11   
 2     6     v892   11   
 2     9     v893   11   
 2     25    v894   11   
 2     29    v895   11   
 2     7     v896   11   
 2     1     v897   11   
 2     27    v898   11   
 2     13    v899   11   
 2     31    v900   11   
 2     35    v901   11   
 2     57    v902   11   
 2     53    v903   11   
 2     2     v904   11   
 2     17    v905   11   
 2     21    v906   11   
 2     8     v907   11   
 2     10    v908   11   
 2     5     v909   11   
 2     24    v910   11   
 2     18    v911   11   
 2     30    v912   11   
 2     32    v913   11   
 1     58    v914   11   
 1     13    v915   11   
 1     40    v916   11   
 1     7     v917   11   
 1     3     v918   11   
 1     32    v919   11   
 1     34    v920   11   
 1     46    v921   11   
 1     44    v922   11   
 1     50    v923   11   
 1     43    v924   11   
 1     59    v925   11   
 1     56    v926   11   
 1     53    v927   11   
 1     17    v928   11   
 1     37    v929   11   
 1     51    v930   11   
 1     60    v931   11   
 1     11    v932   11   
 1     52    v933   11   
 1     27    v934   11   
 1     54    v935   11   
 1     49    v936   11   
 1     55    v937   11   
 1     39    v938   11   
 1     19    v939   11   
 1     15    v940   11   
 1     25    v941   11   
 1     31    v942   11   
 1     29    v943   11   
 1     1     v944   11   
 1     35    v945   11   
 1     41    v946   11   
 1     33    v947   11   
 1     6     v948   11   
 1     12    v949   11   
 1     4     v950   11   
 1     23    v951   11   
 1     10    v952   11   
 1     47    v953   11   
 1     21    v954   11   
 1     8     v955   11   
 1     45    v956   11   
 1     57    v957   11   
 2     45    v958   10   
 2     47    v959   10   
 2     54    v960   10   
 2     41    v961   10   
 2     43    v962   10   
 2     33    v963   10   
 2     39    v964   10   
 2     37    v965   10   
 2     6     v966   10   
 2     9     v967   10   
 2     25    v968   10   
 2     29    v969   10   
 2     7     v970   10   
 2     1     v971   10   
 2     27    v972   10   
 2     13    v973   10   
 2     31    v974   10   
 2     35    v975   10   
 2     57    v976   10   
 2     53    v977   10   
 2     2     v978   10   
 2     17    v979   10   
 2     21    v980   10   
 2     8     v981   10   
 2     10    v982   10   
 2     5     v983   10   
 2     24    v984   10   
 2     18    v985   10   
 2     30    v986   10   
 2     32    v987   10   
 1     58    v988   10   
 1     13    v989   10   
 1     40    v990   10   
 1     7     v991   10   
 1     3     v992   10   
 1     32    v993   10   
 1     34    v994   10   
 1     46    v995   10   
 1     44    v996   10   
 1     50    v997   10   
 1     43    v998   10   
 1     59    v999   10   
 1     56    v1000  10   
 1     53    v1001  10   
 1     17    v1002  10   
 1     37    v1003  10   
 1     51    v1004  10   
 1     60    v1005  10   
 1     11    v1006  10   
 1     52    v1007  10   
 1     27    v1008  10   
 1     54    v1009  10   
 1     49    v1010  10   
 1     55    v1011  10   
 1     39    v1012  10   
 1     19    v1013  10   
 1     15    v1014  10   
 1     25    v1015  10   
 1     31    v1016  10   
 1     29    v1017  10   
 1     1     v1018  10   
 1     35    v1019  10   
 1     41    v1020  10   
 1     33    v1021  10   
 1     6     v1022  10   
 1     12    v1023  10   
 1     4     v1024  10   
 1     23    v1025  10   
 1     10    v1026  10   
 1     47    v1027  10   
 1     21    v1028  10   
 1     8     v1029  10   
 1     45    v1030  10   
 1     57    v1031  10   
 2     45    v1032  9    
 2     47    v1033  9    
 2     54    v1034  9    
 2     41    v1035  9    
 2     43    v1036  9    
 2     33    v1037  9    
 2     39    v1038  9    
 2     37    v1039  9    
 2     6     v1040  9    
 2     9     v1041  9    
 2     25    v1042  9    
 2     29    v1043  9    
 2     7     v1044  9    
 2     1     v1045  9    
 2     27    v1046  9    
 2     13    v1047  9    
 2     31    v1048  9    
 2     35    v1049  9    
 2     57    v1050  9    
 2     53    v1051  9    
 2     2     v1052  9    
 2     17    v1053  9    
 2     21    v1054  9    
 2     8     v1055  9    
 2     10    v1056  9    
 2     5     v1057  9    
 2     24    v1058  9    
 2     18    v1059  9    
 2     30    v1060  9    
 2     32    v1061  9    
 1     58    v1062  9    
 1     13    v1063  9    
 1     40    v1064  9    
 1     7     v1065  9    
 1     3     v1066  9    
 1     32    v1067  9    
 1     34    v1068  9    
 1     46    v1069  9    
 1     44    v1070  9    
 1     50    v1071  9    
 1     43    v1072  9    
 1     59    v1073  9    
 1     56    v1074  9    
 1     53    v1075  9    
 1     17    v1076  9    
 1     37    v1077  9    
 1     51    v1078  9    
 1     60    v1079  9    
 1     11    v1080  9    
 1     52    v1081  9    
 1     27    v1082  9    
 1     54    v1083  9    
 1     49    v1084  9    
 1     55    v1085  9    
 1     39    v1086  9    
 1     19    v1087  9    
 1     15    v1088  9    
 1     25    v1089  9    
 1     31    v1090  9    
 1     29    v1091  9    
 1     1     v1092  9    
 1     35    v1093  9    
 1     41    v1094  9    
 1     33    v1095  9    
 1     6     v1096  9    
 1     12    v1097  9    
 1     4     v1098  9    
 1     23    v1099  9    
 1     10    v1100  9    
 1     47    v1101  9    
 1     21    v1102  9    
 1     8     v1103  9    
 1     45    v1104  9    
 1     57    v1105  9    
 2     45    v1106  8    
 2     47    v1107  8    
 2     54    v1108  8    
 2     41    v1109  8    
 2     43    v1110  8    
 2     33    v1111  8    
 2     39    v1112  8    
 2     37    v1113  8    
 2     6     v1114  8    
 2     9     v1115  8    
 2     25    v1116  8    
 2     29    v1117  8    
 2     7     v1118  8    
 2     1     v1119  8    
 2     27    v1120  8    
 2     13    v1121  8    
 2     31    v1122  8    
 2     35    v1123  8    
 2     57    v1124  8    
 2     53    v1125  8    
 2     2     v1126  8    
 2     17    v1127  8    
 2     21    v1128  8    
 2     8     v1129  8    
 2     10    v1130  8    
 2     5     v1131  8    
 2     24    v1132  8    
 2     18    v1133  8    
 2     30    v1134  8    
 2     32    v1135  8    
 1     58    v1136  8    
 1     13    v1137  8    
 1     40    v1138  8    
 1     7     v1139  8    
 1     3     v1140  8    
 1     32    v1141  8    
 1     34    v1142  8    
 1     46    v1143  8    
 1     44    v1144  8    
 1     50    v1145  8    
 1     43    v1146  8    
 1     59    v1147  8    
 1     56    v1148  8    
 1     53    v1149  8    
 1     17    v1150  8    
 1     37    v1151  8    
 1     51    v1152  8    
 1     60    v1153  8    
 1     11    v1154  8    
 1     52    v1155  8    
 1     27    v1156  8    
 1     54    v1157  8    
 1     49    v1158  8    
 1     55    v1159  8    
 1     39    v1160  8    
 1     19    v1161  8    
 1     15    v1162  8    
 1     25    v1163  8    
 1     31    v1164  8    
 1     29    v1165  8    
 1     1     v1166  8    
 1     35    v1167  8    
 1     41    v1168  8    
 1     33    v1169  8    
 1     6     v1170  8    
 1     12    v1171  8    
 1     4     v1172  8    
 1     23    v1173  8    
 1     10    -1     8    
 1     47    -1     8    
 1     21    -1     8    
 1     8     -1     8    
 1     45    -1     8    
 1     57    -1     8    