2	3	x45	37
2	45	-1	37
2	11	x44	37
2	47	-1	37
2	22	x43	37
2	54	-1	37
2	4	x42	37
2	41	-1	37
2	12	x41	37
2	43	-1	37
2	23	x40	37
2	33	-1	37
2	19	x39	37
2	39	-1	37
2	15	x38	37
2	37	-1	37
2	14	x37	37
2	6	-1	37
2	60	x36	37
2	9	-1	37
2	0	x35	37
2	25	-1	37
2	26	x34	37
2	29	-1	37
2	49	x33	37
2	7	-1	37
2	55	x32	37
2	1	-1	37
2	51	x31	37
2	27	-1	37
2	20	x30	37
2	13	-1	37
2	16	x29	37
2	31	-1	37
2	28	x28	37
2	35	-1	37
2	59	x27	37
2	57	-1	37
2	56	x26	37
2	53	-1	37
2	50	x25	37
2	2	-1	37
2	52	x24	37
2	17	-1	37
2	58	x23	37
2	21	-1	37
2	46	x22	37
2	8	-1	37
2	40	x21	37
2	10	-1	37
2	48	x20	37
2	5	-1	37
2	44	x19	37
2	24	-1	37
2	42	x18	37
2	18	-1	37
2	36	x17	37
2	30	-1	37
2	34	x16	37
2	32	-1	37
2	38	x15	37
1	5	-1	37
1	26	x14	37
1	42	-1	37
1	28	x13	37
1	9	-1	37
1	20	x12	37
1	58	-1	37
1	24	x11	37
1	13	-1	37
1	22	x10	37
1	7	-1	37
1	2	x9	37
1	3	-1	37
1	48	x8	37
1	32	-1	37
1	0	x7	37
1	34	-1	37
1	36	x6	37
1	46	-1	37
1	16	x5	37
1	44	-1	37
1	18	x4	37
1	56	-1	37
1	38	x3	37
1	43	-1	37
1	30	x2	37
1	59	-1	37
1	14	x1 	37
1	54	-1	37
1	-1	-1	37
1	53	-1	37
1	-1	-1	37
1	17	-1	37
1	-1	-1	37
1	37	-1	37
1	-1	-1	37
1	11	-1	37
1	-1	-1	37
1	51	-1	37
1	-1	-1	37
1	27	-1	37
1	-1	-1	37
1	60	-1	37
1	-1	-1	37
1	25	-1	37
1	-1	-1	37
1	55	-1	37
1	-1	-1	37
1	39	-1	37
1	-1	-1	37
1	19	-1	37
1	-1	-1	37
1	15	-1	37
1	-1	-1	37
1	49	-1	37
1	-1	-1	37
1	31	-1	37
1	-1	-1	37
1	29	-1	37
1	-1	-1	37
1	1	-1	37
1	-1	-1	37
1	35	-1	37
1	-1	-1	37
1	41	-1	37
1	-1	-1	37
1	33	-1	37
1	-1	-1	37
1	6	-1	37
1	-1	-1	37
1	12	-1	37
1	-1	-1	37
1	4	-1	37
1	40	-1	37
1	23	-1	37
1	52	-1	37
1	10	-1	37
1	50	-1	37
1	47	-1	37
1	45	-1	37
1	21	-1	37
1	57	-1	37
1	8	-1	37
2	3	x46	23
2	45	-1	23
2	11	x47	23
2	47	-1	23
2	22	x48	23
2	54	-1	23
2	4	x49	23
2	41	-1	23
2	12	x50	23
2	43	-1	23
2	23	x51	23
2	33	-1	23
2	19	x52	23
2	39	-1	23
2	15	x53	23
2	37	-1	23
2	14	x54	23
2	6	-1	23
2	60	x55	23
2	9	-1	23
2	0	x56	23
2	25	-1	23
2	26	x57	23
2	29	-1	23
2	49	x58	23
2	7	-1	23
2	55	x59	23
2	1	-1	23
2	51	x60	23
2	27	-1	23
2	20	x61	23
2	13	-1	23
2	16	x62	23
2	31	-1	23
2	28	x63	23
2	35	-1	23
2	59	x64	23
2	57	-1	23
2	56	x65	23
2	53	-1	23
2	50	x66	23
2	2	-1	23
2	52	x67	23
2	17	-1	23
2	58	x68	23
2	21	-1	23
2	46	x69	23
2	8	-1	23
2	40	x70	23
2	10	-1	23
2	48	x71	23
2	5	-1	23
2	44	x72	23
2	24	-1	23
2	42	x73	23
2	18	-1	23
2	36	x74	23
2	30	-1	23
2	34	x75	23
2	32	-1	23
2	38	x76	23
1	5	-1	23
1	26	x77	23
1	42	-1	23
1	28	x78	23
1	9	-1	23
1	20	x79	23
1	58	-1	23
1	24	x80	23
1	13	-1	23
1	22	x81	23
1	7	-1	23
1	2	x82	23
1	3	-1	23
1	48	x83	23
1	32	-1	23
1	0	x84	23
1	34	-1	23
1	36	x85	23
1	46	-1	23
1	16	x86	23
1	44	-1	23
1	18	x87	23
1	56	-1	23
1	38	x88	23
1	43	-1	23
1	30	x89	23
1	59	-1	23
1	14	x90	23
1	54	-1	23
1	-1	-1	23
1	53	-1	23
1	-1	-1	23
1	17	-1	23
1	-1	-1	23
1	37	-1	23
1	-1	-1	23
1	11	-1	23
1	-1	-1	23
1	51	-1	23
1	-1	-1	23
1	27	-1	23
1	-1	-1	23
1	60	-1	23
1	-1	-1	23
1	25	-1	23
1	-1	-1	23
1	55	-1	23
1	-1	-1	23
1	39	-1	23
1	-1	-1	23
1	19	-1	23
1	-1	-1	23
1	15	-1	23
1	-1	-1	23
1	49	-1	23
1	-1	-1	23
1	31	-1	23
1	-1	-1	23
1	29	-1	23
1	-1	-1	23
1	1	-1	23
1	-1	-1	23
1	35	-1	23
1	-1	-1	23
1	41	-1	23
1	-1	-1	23
1	33	-1	23
1	-1	-1	23
1	6	-1	23
1	-1	-1	23
1	12	-1	23
1	-1	-1	23
1	4	-1	23
1	40	-1	23
1	23	-1	23
1	52	-1	23
1	10	-1	23
1	50	-1	23
1	47	-1	23
1	45	-1	23
1	21	-1	23
1	57	-1	23
1	8	-1	23
2	3	x135	38
2	45	-1	38
2	11	x134	38
2	47	-1	38
2	22	x133	38
2	54	-1	38
2	4	x132	38
2	41	-1	38
2	12	x131	38
2	43	-1	38
2	23	x130	38
2	33	-1	38
2	19	x129	38
2	39	-1	38
2	15	x128	38
2	37	-1	38
2	14	x127	38
2	6	-1	38
2	60	x126	38
2	9	-1	38
2	0	x125	38
2	25	-1	38
2	26	x124	38
2	29	-1	38
2	49	x123	38
2	7	-1	38
2	55	x122	38
2	1	-1	38
2	51	x121	38
2	27	-1	38
2	20	x120	38
2	13	-1	38
2	16	x119	38
2	31	-1	38
2	28	x118	38
2	35	-1	38
2	59	x117	38
2	57	-1	38
2	56	x116	38
2	53	-1	38
2	50	x115	38
2	2	-1	38
2	52	x114	38
2	17	-1	38
2	58	x113	38
2	21	-1	38
2	46	x112	38
2	8	-1	38
2	40	x111	38
2	10	-1	38
2	48	x110	38
2	5	-1	38
2	44	x109	38
2	24	-1	38
2	42	x108	38
2	18	-1	38
2	36	x107	38
2	30	-1	38
2	34	x106	38
2	32	-1	38
2	38	x105	38
1	5	-1	38
1	26	x104	38
1	42	-1	38
1	28	x103	38
1	9	-1	38
1	20	x102	38
1	58	-1	38
1	24	x101	38
1	13	-1	38
1	22	x100	38
1	7	-1	38
1	2	x99	38
1	3	-1	38
1	48	x98	38
1	32	-1	38
1	0	x97	38
1	34	-1	38
1	36	x96	38
1	46	-1	38
1	16	x95	38
1	44	-1	38
1	18	x94	38
1	56	-1	38
1	38	x93	38
1	43	-1	38
1	30	x92	38
1	59	-1	38
1	14	x91	38
1	54	-1	38
1	-1	-1	38
1	53	-1	38
1	-1	-1	38
1	17	-1	38
1	-1	-1	38
1	37	-1	38
1	-1	-1	38
1	11	-1	38
1	-1	-1	38
1	51	-1	38
1	-1	-1	38
1	27	-1	38
1	-1	-1	38
1	60	-1	38
1	-1	-1	38
1	25	-1	38
1	-1	-1	38
1	55	-1	38
1	-1	-1	38
1	39	-1	38
1	-1	-1	38
1	19	-1	38
1	-1	-1	38
1	15	-1	38
1	-1	-1	38
1	49	-1	38
1	-1	-1	38
1	31	-1	38
1	-1	-1	38
1	29	-1	38
1	-1	-1	38
1	1	-1	38
1	-1	-1	38
1	35	-1	38
1	-1	-1	38
1	41	-1	38
1	-1	-1	38
1	33	-1	38
1	-1	-1	38
1	6	-1	38
1	-1	-1	38
1	12	-1	38
1	-1	-1	38
1	4	-1	38
1	40	-1	38
1	23	-1	38
1	52	-1	38
1	10	-1	38
1	50	-1	38
1	47	-1	38
1	45	-1	38
1	21	-1	38
1	57	-1	38
1	8	-1	38
2	3	x136	24
2	45	-1	24
2	11	x137	24
2	47	-1	24
2	22	x138	24
2	54	-1	24
2	4	x139	24
2	41	-1	24
2	12	x140	24
2	43	-1	24
2	23	x141	24
2	33	-1	24
2	19	x142	24
2	39	-1	24
2	15	x143	24
2	37	-1	24
2	14	x144	24
2	6	-1	24
2	60	x145	24
2	9	-1	24
2	0	x146	24
2	25	-1	24
2	26	x147	24
2	29	-1	24
2	49	x148	24
2	7	-1	24
2	55	x149	24
2	1	-1	24
2	51	x150	24
2	27	-1	24
2	20	x151	24
2	13	-1	24
2	16	x152	24
2	31	-1	24
2	28	x153	24
2	35	-1	24
2	59	x154	24
2	57	-1	24
2	56	x155	24
2	53	-1	24
2	50	x156	24
2	2	-1	24
2	52	x157	24
2	17	-1	24
2	58	x158	24
2	21	-1	24
2	46	x159	24
2	8	-1	24
2	40	x160	24
2	10	-1	24
2	48	x161	24
2	5	-1	24
2	44	x162	24
2	24	-1	24
2	42	x163	24
2	18	-1	24
2	36	x164	24
2	30	-1	24
2	34	x165	24
2	32	-1	24
2	38	x166	24
1	5	-1	24
1	26	x167	24
1	42	-1	24
1	28	x168	24
1	9	-1	24
1	20	x169	24
1	58	-1	24
1	24	x170	24
1	13	-1	24
1	22	x171	24
1	7	-1	24
1	2	x172	24
1	3	-1	24
1	48	x173	24
1	32	-1	24
1	0	x174	24
1	34	-1	24
1	36	x175	24
1	46	-1	24
1	16	x176	24
1	44	-1	24
1	18	x177	24
1	56	-1	24
1	38	x178	24
1	43	-1	24
1	30	x179	24
1	59	-1	24
1	14	x180	24
1	54	-1	24
1	-1	-1	24
1	53	-1	24
1	-1	-1	24
1	17	-1	24
1	-1	-1	24
1	37	-1	24
1	-1	-1	24
1	11	-1	24
1	-1	-1	24
1	51	-1	24
1	-1	-1	24
1	27	-1	24
1	-1	-1	24
1	60	-1	24
1	-1	-1	24
1	25	-1	24
1	-1	-1	24
1	55	-1	24
1	-1	-1	24
1	39	-1	24
1	-1	-1	24
1	19	-1	24
1	-1	-1	24
1	15	-1	24
1	-1	-1	24
1	49	-1	24
1	-1	-1	24
1	31	-1	24
1	-1	-1	24
1	29	-1	24
1	-1	-1	24
1	1	-1	24
1	-1	-1	24
1	35	-1	24
1	-1	-1	24
1	41	-1	24
1	-1	-1	24
1	33	-1	24
1	-1	-1	24
1	6	-1	24
1	-1	-1	24
1	12	-1	24
1	-1	-1	24
1	4	-1	24
1	40	-1	24
1	23	-1	24
1	52	-1	24
1	10	-1	24
1	50	-1	24
1	47	-1	24
1	45	-1	24
1	21	-1	24
1	57	-1	24
1	8	-1	24
2	3	x225	39
2	45	-1	39
2	11	x224	39
2	47	-1	39
2	22	x223	39
2	54	-1	39
2	4	x222	39
2	41	-1	39
2	12	x221	39
2	43	-1	39
2	23	x220	39
2	33	-1	39
2	19	x219	39
2	39	-1	39
2	15	x218	39
2	37	-1	39
2	14	x217	39
2	6	-1	39
2	60	x216	39
2	9	-1	39
2	0	x215	39
2	25	-1	39
2	26	x214	39
2	29	-1	39
2	49	x213	39
2	7	-1	39
2	55	x212	39
2	1	-1	39
2	51	x211	39
2	27	-1	39
2	20	x210	39
2	13	-1	39
2	16	x209	39
2	31	-1	39
2	28	x208	39
2	35	-1	39
2	59	x207	39
2	57	-1	39
2	56	x206	39
2	53	-1	39
2	50	x205	39
2	2	-1	39
2	52	x204	39
2	17	-1	39
2	58	x203	39
2	21	-1	39
2	46	x202	39
2	8	-1	39
2	40	x201	39
2	10	-1	39
2	48	x200	39
2	5	-1	39
2	44	x199	39
2	24	-1	39
2	42	x198	39
2	18	-1	39
2	36	x197	39
2	30	-1	39
2	34	x196	39
2	32	-1	39
2	38	x195	39
1	5	-1	39
1	26	x194	39
1	42	-1	39
1	28	x193	39
1	9	-1	39
1	20	x192	39
1	58	-1	39
1	24	x191	39
1	13	-1	39
1	22	x190	39
1	7	-1	39
1	2	x189	39
1	3	-1	39
1	48	x188	39
1	32	-1	39
1	0	x187	39
1	34	-1	39
1	36	x186	39
1	46	-1	39
1	16	x185	39
1	44	-1	39
1	18	x184	39
1	56	-1	39
1	38	x183	39
1	43	-1	39
1	30	x182	39
1	59	-1	39
1	14	x181	39
1	54	-1	39
1	-1	-1	39
1	53	-1	39
1	-1	-1	39
1	17	-1	39
1	-1	-1	39
1	37	-1	39
1	-1	-1	39
1	11	-1	39
1	-1	-1	39
1	51	-1	39
1	-1	-1	39
1	27	-1	39
1	-1	-1	39
1	60	-1	39
1	-1	-1	39
1	25	-1	39
1	-1	-1	39
1	55	-1	39
1	-1	-1	39
1	39	-1	39
1	-1	-1	39
1	19	-1	39
1	-1	-1	39
1	15	-1	39
1	-1	-1	39
1	49	-1	39
1	-1	-1	39
1	31	-1	39
1	-1	-1	39
1	29	-1	39
1	-1	-1	39
1	1	-1	39
1	-1	-1	39
1	35	-1	39
1	-1	-1	39
1	41	-1	39
1	-1	-1	39
1	33	-1	39
1	-1	-1	39
1	6	-1	39
1	-1	-1	39
1	12	-1	39
1	-1	-1	39
1	4	-1	39
1	40	-1	39
1	23	-1	39
1	52	-1	39
1	10	-1	39
1	50	-1	39
1	47	-1	39
1	45	-1	39
1	21	-1	39
1	57	-1	39
1	8	-1	39
2	3	x226	25
2	45	-1	25
2	11	x227	25
2	47	-1	25
2	22	x228	25
2	54	-1	25
2	4	x229	25
2	41	-1	25
2	12	x230	25
2	43	-1	25
2	23	x231	25
2	33	-1	25
2	19	x232	25
2	39	-1	25
2	15	x233	25
2	37	-1	25
2	14	x234	25
2	6	-1	25
2	60	x235	25
2	9	-1	25
2	0	x236	25
2	25	-1	25
2	26	x237	25
2	29	-1	25
2	49	x238	25
2	7	-1	25
2	55	x239	25
2	1	-1	25
2	51	x240	25
2	27	-1	25
2	20	x241	25
2	13	-1	25
2	16	x242	25
2	31	-1	25
2	28	x243	25
2	35	-1	25
2	59	x244	25
2	57	-1	25
2	56	x245	25
2	53	-1	25
2	50	x246	25
2	2	-1	25
2	52	x247	25
2	17	-1	25
2	58	x248	25
2	21	-1	25
2	46	x249	25
2	8	-1	25
2	40	x250	25
2	10	-1	25
2	48	x251	25
2	5	-1	25
2	44	x252	25
2	24	-1	25
2	42	x253	25
2	18	-1	25
2	36	x254	25
2	30	-1	25
2	34	x255	25
2	32	-1	25
2	38	x256	25
1	5	-1	25
1	26	x257	25
1	42	-1	25
1	28	x258	25
1	9	-1	25
1	20	x259	25
1	58	-1	25
1	24	x260	25
1	13	-1	25
1	22	x261	25
1	7	-1	25
1	2	x262	25
1	3	-1	25
1	48	x263	25
1	32	-1	25
1	0	x264	25
1	34	-1	25
1	36	x265	25
1	46	-1	25
1	16	x266	25
1	44	-1	25
1	18	x267	25
1	56	-1	25
1	38	x268	25
1	43	-1	25
1	30	x269	25
1	59	-1	25
1	14	x270	25
1	54	-1	25
1	-1	-1	25
1	53	-1	25
1	-1	-1	25
1	17	-1	25
1	-1	-1	25
1	37	-1	25
1	-1	-1	25
1	11	-1	25
1	-1	-1	25
1	51	-1	25
1	-1	-1	25
1	27	-1	25
1	-1	-1	25
1	60	-1	25
1	-1	-1	25
1	25	-1	25
1	-1	-1	25
1	55	-1	25
1	-1	-1	25
1	39	-1	25
1	-1	-1	25
1	19	-1	25
1	-1	-1	25
1	15	-1	25
1	-1	-1	25
1	49	-1	25
1	-1	-1	25
1	31	-1	25
1	-1	-1	25
1	29	-1	25
1	-1	-1	25
1	1	-1	25
1	-1	-1	25
1	35	-1	25
1	-1	-1	25
1	41	-1	25
1	-1	-1	25
1	33	-1	25
1	-1	-1	25
1	6	-1	25
1	-1	-1	25
1	12	-1	25
1	-1	-1	25
1	4	-1	25
1	40	-1	25
1	23	-1	25
1	52	-1	25
1	10	-1	25
1	50	-1	25
1	47	-1	25
1	45	-1	25
1	21	-1	25
1	57	-1	25
1	8	-1	25
2	3	x315	40
2	45	-1	40
2	11	x314	40
2	47	-1	40
2	22	x313	40
2	54	-1	40
2	4	x312	40
2	41	-1	40
2	12	x311	40
2	43	-1	40
2	23	x310	40
2	33	-1	40
2	19	x309	40
2	39	-1	40
2	15	x308	40
2	37	-1	40
2	14	x307	40
2	6	-1	40
2	60	x306	40
2	9	-1	40
2	0	x305	40
2	25	-1	40
2	26	x304	40
2	29	-1	40
2	49	x303	40
2	7	-1	40
2	55	x302	40
2	1	-1	40
2	51	x301	40
2	27	-1	40
2	20	x300	40
2	13	-1	40
2	16	x299	40
2	31	-1	40
2	28	x298	40
2	35	-1	40
2	59	x297	40
2	57	-1	40
2	56	x296	40
2	53	-1	40
2	50	x295	40
2	2	-1	40
2	52	x294	40
2	17	-1	40
2	58	x293	40
2	21	-1	40
2	46	x292	40
2	8	-1	40
2	40	x291	40
2	10	-1	40
2	48	x290	40
2	5	-1	40
2	44	x289	40
2	24	-1	40
2	42	x288	40
2	18	-1	40
2	36	x287	40
2	30	-1	40
2	34	x286	40
2	32	-1	40
2	38	x285	40
1	5	-1	40
1	26	x284	40
1	42	-1	40
1	28	x283	40
1	9	-1	40
1	20	x282	40
1	58	-1	40
1	24	x281	40
1	13	-1	40
1	22	x280	40
1	7	-1	40
1	2	x279	40
1	3	-1	40
1	48	x278	40
1	32	-1	40
1	0	x277	40
1	34	-1	40
1	36	x276	40
1	46	-1	40
1	16	x275	40
1	44	-1	40
1	18	x274	40
1	56	-1	40
1	38	x273	40
1	43	-1	40
1	30	x272	40
1	59	-1	40
1	14	x271	40
1	54	-1	40
1	-1	-1	40
1	53	-1	40
1	-1	-1	40
1	17	-1	40
1	-1	-1	40
1	37	-1	40
1	-1	-1	40
1	11	-1	40
1	-1	-1	40
1	51	-1	40
1	-1	-1	40
1	27	-1	40
1	-1	-1	40
1	60	-1	40
1	-1	-1	40
1	25	-1	40
1	-1	-1	40
1	55	-1	40
1	-1	-1	40
1	39	-1	40
1	-1	-1	40
1	19	-1	40
1	-1	-1	40
1	15	-1	40
1	-1	-1	40
1	49	-1	40
1	-1	-1	40
1	31	-1	40
1	-1	-1	40
1	29	-1	40
1	-1	-1	40
1	1	-1	40
1	-1	-1	40
1	35	-1	40
1	-1	-1	40
1	41	-1	40
1	-1	-1	40
1	33	-1	40
1	-1	-1	40
1	6	-1	40
1	-1	-1	40
1	12	-1	40
1	-1	-1	40
1	4	-1	40
1	40	-1	40
1	23	-1	40
1	52	-1	40
1	10	-1	40
1	50	-1	40
1	47	-1	40
1	45	-1	40
1	21	-1	40
1	57	-1	40
1	8	-1	40
2	3	x316	26
2	45	-1	26
2	11	x317	26
2	47	-1	26
2	22	x318	26
2	54	-1	26
2	4	x319	26
2	41	-1	26
2	12	x320	26
2	43	-1	26
2	23	x321	26
2	33	-1	26
2	19	x322	26
2	39	-1	26
2	15	x323	26
2	37	-1	26
2	14	x324	26
2	6	-1	26
2	60	x325	26
2	9	-1	26
2	0	x326	26
2	25	-1	26
2	26	x327	26
2	29	-1	26
2	49	x328	26
2	7	-1	26
2	55	x329	26
2	1	-1	26
2	51	x330	26
2	27	-1	26
2	20	x331	26
2	13	-1	26
2	16	x332	26
2	31	-1	26
2	28	x333	26
2	35	-1	26
2	59	x334	26
2	57	-1	26
2	56	x335	26
2	53	-1	26
2	50	x336	26
2	2	-1	26
2	52	x337	26
2	17	-1	26
2	58	x338	26
2	21	-1	26
2	46	x339	26
2	8	-1	26
2	40	x340	26
2	10	-1	26
2	48	x341	26
2	5	-1	26
2	44	x342	26
2	24	-1	26
2	42	x343	26
2	18	-1	26
2	36	x344	26
2	30	-1	26
2	34	x345	26
2	32	-1	26
2	38	x346	26
1	5	-1	26
1	26	x347	26
1	42	-1	26
1	28	x348	26
1	9	-1	26
1	20	x349	26
1	58	-1	26
1	24	x350	26
1	13	-1	26
1	22	x351	26
1	7	-1	26
1	2	x352	26
1	3	-1	26
1	48	x353	26
1	32	-1	26
1	0	x354	26
1	34	-1	26
1	36	x355	26
1	46	-1	26
1	16	x356	26
1	44	-1	26
1	18	x357	26
1	56	-1	26
1	38	x358	26
1	43	-1	26
1	30	x359	26
1	59	-1	26
1	14	x360	26
1	54	-1	26
1	-1	-1	26
1	53	-1	26
1	-1	-1	26
1	17	-1	26
1	-1	-1	26
1	37	-1	26
1	-1	-1	26
1	11	-1	26
1	-1	-1	26
1	51	-1	26
1	-1	-1	26
1	27	-1	26
1	-1	-1	26
1	60	-1	26
1	-1	-1	26
1	25	-1	26
1	-1	-1	26
1	55	-1	26
1	-1	-1	26
1	39	-1	26
1	-1	-1	26
1	19	-1	26
1	-1	-1	26
1	15	-1	26
1	-1	-1	26
1	49	-1	26
1	-1	-1	26
1	31	-1	26
1	-1	-1	26
1	29	-1	26
1	-1	-1	26
1	1	-1	26
1	-1	-1	26
1	35	-1	26
1	-1	-1	26
1	41	-1	26
1	-1	-1	26
1	33	-1	26
1	-1	-1	26
1	6	-1	26
1	-1	-1	26
1	12	-1	26
1	-1	-1	26
1	4	-1	26
1	40	-1	26
1	23	-1	26
1	52	-1	26
1	10	-1	26
1	50	-1	26
1	47	-1	26
1	45	-1	26
1	21	-1	26
1	57	-1	26
1	8	-1	26
2	3	x405	41
2	45	-1	41
2	11	x404	41
2	47	-1	41
2	22	x403	41
2	54	-1	41
2	4	x402	41
2	41	-1	41
2	12	x401	41
2	43	-1	41
2	23	x400	41
2	33	-1	41
2	19	x399	41
2	39	-1	41
2	15	x398	41
2	37	-1	41
2	14	x397	41
2	6	-1	41
2	60	x396	41
2	9	-1	41
2	0	x395	41
2	25	-1	41
2	26	x394	41
2	29	-1	41
2	49	x393	41
2	7	-1	41
2	55	x392	41
2	1	-1	41
2	51	x391	41
2	27	-1	41
2	20	x390	41
2	13	-1	41
2	16	x389	41
2	31	-1	41
2	28	x388	41
2	35	-1	41
2	59	x387	41
2	57	-1	41
2	56	x386	41
2	53	-1	41
2	50	x385	41
2	2	-1	41
2	52	x384	41
2	17	-1	41
2	58	x383	41
2	21	-1	41
2	46	x382	41
2	8	-1	41
2	40	x381	41
2	10	-1	41
2	48	x380	41
2	5	-1	41
2	44	x379	41
2	24	-1	41
2	42	x378	41
2	18	-1	41
2	36	x377	41
2	30	-1	41
2	34	x376	41
2	32	-1	41
2	38	x375	41
1	5	-1	41
1	26	x374	41
1	42	-1	41
1	28	x373	41
1	9	-1	41
1	20	x372	41
1	58	-1	41
1	24	x371	41
1	13	-1	41
1	22	x370	41
1	7	-1	41
1	2	x369	41
1	3	-1	41
1	48	x368	41
1	32	-1	41
1	0	x367	41
1	34	-1	41
1	36	x366	41
1	46	-1	41
1	16	x365	41
1	44	-1	41
1	18	x364	41
1	56	-1	41
1	38	x363	41
1	43	-1	41
1	30	x362	41
1	59	-1	41
1	14	x361	41
1	54	-1	41
1	-1	-1	41
1	53	-1	41
1	-1	-1	41
1	17	-1	41
1	-1	-1	41
1	37	-1	41
1	-1	-1	41
1	11	-1	41
1	-1	-1	41
1	51	-1	41
1	-1	-1	41
1	27	-1	41
1	-1	-1	41
1	60	-1	41
1	-1	-1	41
1	25	-1	41
1	-1	-1	41
1	55	-1	41
1	-1	-1	41
1	39	-1	41
1	-1	-1	41
1	19	-1	41
1	-1	-1	41
1	15	-1	41
1	-1	-1	41
1	49	-1	41
1	-1	-1	41
1	31	-1	41
1	-1	-1	41
1	29	-1	41
1	-1	-1	41
1	1	-1	41
1	-1	-1	41
1	35	-1	41
1	-1	-1	41
1	41	-1	41
1	-1	-1	41
1	33	-1	41
1	-1	-1	41
1	6	-1	41
1	-1	-1	41
1	12	-1	41
1	-1	-1	41
1	4	-1	41
1	40	-1	41
1	23	-1	41
1	52	-1	41
1	10	-1	41
1	50	-1	41
1	47	-1	41
1	45	-1	41
1	21	-1	41
1	57	-1	41
1	8	-1	41
2	3	x406	27
2	45	-1	27
2	11	x407	27
2	47	-1	27
2	22	x408	27
2	54	-1	27
2	4	x409	27
2	41	-1	27
2	12	x410	27
2	43	-1	27
2	23	x411	27
2	33	-1	27
2	19	x412	27
2	39	-1	27
2	15	x413	27
2	37	-1	27
2	14	x414	27
2	6	-1	27
2	60	x415	27
2	9	-1	27
2	0	x416	27
2	25	-1	27
2	26	x417	27
2	29	-1	27
2	49	x418	27
2	7	-1	27
2	55	x419	27
2	1	-1	27
2	51	x420	27
2	27	-1	27
2	20	x421	27
2	13	-1	27
2	16	x422	27
2	31	-1	27
2	28	x423	27
2	35	-1	27
2	59	x424	27
2	57	-1	27
2	56	x425	27
2	53	-1	27
2	50	x426	27
2	2	-1	27
2	52	x427	27
2	17	-1	27
2	58	x428	27
2	21	-1	27
2	46	x429	27
2	8	-1	27
2	40	x430	27
2	10	-1	27
2	48	x431	27
2	5	-1	27
2	44	x432	27
2	24	-1	27
2	42	x433	27
2	18	-1	27
2	36	x434	27
2	30	-1	27
2	34	x435	27
2	32	-1	27
2	38	x436	27
1	5	-1	27
1	26	x437	27
1	42	-1	27
1	28	x438	27
1	9	-1	27
1	20	x439	27
1	58	-1	27
1	24	x440	27
1	13	-1	27
1	22	x441	27
1	7	-1	27
1	2	x442	27
1	3	-1	27
1	48	x443	27
1	32	-1	27
1	0	x444	27
1	34	-1	27
1	36	x445	27
1	46	-1	27
1	16	x446	27
1	44	-1	27
1	18	x447	27
1	56	-1	27
1	38	x448	27
1	43	-1	27
1	30	x449	27
1	59	-1	27
1	14	x450	27
1	54	-1	27
1	-1	-1	27
1	53	-1	27
1	-1	-1	27
1	17	-1	27
1	-1	-1	27
1	37	-1	27
1	-1	-1	27
1	11	-1	27
1	-1	-1	27
1	51	-1	27
1	-1	-1	27
1	27	-1	27
1	-1	-1	27
1	60	-1	27
1	-1	-1	27
1	25	-1	27
1	-1	-1	27
1	55	-1	27
1	-1	-1	27
1	39	-1	27
1	-1	-1	27
1	19	-1	27
1	-1	-1	27
1	15	-1	27
1	-1	-1	27
1	49	-1	27
1	-1	-1	27
1	31	-1	27
1	-1	-1	27
1	29	-1	27
1	-1	-1	27
1	1	-1	27
1	-1	-1	27
1	35	-1	27
1	-1	-1	27
1	41	-1	27
1	-1	-1	27
1	33	-1	27
1	-1	-1	27
1	6	-1	27
1	-1	-1	27
1	12	-1	27
1	-1	-1	27
1	4	-1	27
1	40	-1	27
1	23	-1	27
1	52	-1	27
1	10	-1	27
1	50	-1	27
1	47	-1	27
1	45	-1	27
1	21	-1	27
1	57	-1	27
1	8	-1	27
2	3	x495	42
2	45	-1	42
2	11	x494	42
2	47	-1	42
2	22	x493	42
2	54	-1	42
2	4	x492	42
2	41	-1	42
2	12	x491	42
2	43	-1	42
2	23	x490	42
2	33	-1	42
2	19	x489	42
2	39	-1	42
2	15	x488	42
2	37	-1	42
2	14	x487	42
2	6	-1	42
2	60	x486	42
2	9	-1	42
2	0	x485	42
2	25	-1	42
2	26	x484	42
2	29	-1	42
2	49	x483	42
2	7	-1	42
2	55	x482	42
2	1	-1	42
2	51	x481	42
2	27	-1	42
2	20	x480	42
2	13	-1	42
2	16	x479	42
2	31	-1	42
2	28	x478	42
2	35	-1	42
2	59	x477	42
2	57	-1	42
2	56	x476	42
2	53	-1	42
2	50	x475	42
2	2	-1	42
2	52	x474	42
2	17	-1	42
2	58	x473	42
2	21	-1	42
2	46	x472	42
2	8	-1	42
2	40	x471	42
2	10	-1	42
2	48	x470	42
2	5	-1	42
2	44	x469	42
2	24	-1	42
2	42	x468	42
2	18	-1	42
2	36	x467	42
2	30	-1	42
2	34	x466	42
2	32	-1	42
2	38	x465	42
1	5	-1	42
1	26	x464	42
1	42	-1	42
1	28	x463	42
1	9	-1	42
1	20	x462	42
1	58	-1	42
1	24	x461	42
1	13	-1	42
1	22	x460	42
1	7	-1	42
1	2	x459	42
1	3	-1	42
1	48	x458	42
1	32	-1	42
1	0	x457	42
1	34	-1	42
1	36	x456	42
1	46	-1	42
1	16	x455	42
1	44	-1	42
1	18	x454	42
1	56	-1	42
1	38	x453	42
1	43	-1	42
1	30	x452	42
1	59	-1	42
1	14	x451	42
1	54	-1	42
1	-1	-1	42
1	53	-1	42
1	-1	-1	42
1	17	-1	42
1	-1	-1	42
1	37	-1	42
1	-1	-1	42
1	11	-1	42
1	-1	-1	42
1	51	-1	42
1	-1	-1	42
1	27	-1	42
1	-1	-1	42
1	60	-1	42
1	-1	-1	42
1	25	-1	42
1	-1	-1	42
1	55	-1	42
1	-1	-1	42
1	39	-1	42
1	-1	-1	42
1	19	-1	42
1	-1	-1	42
1	15	-1	42
1	-1	-1	42
1	49	-1	42
1	-1	-1	42
1	31	-1	42
1	-1	-1	42
1	29	-1	42
1	-1	-1	42
1	1	-1	42
1	-1	-1	42
1	35	-1	42
1	-1	-1	42
1	41	-1	42
1	-1	-1	42
1	33	-1	42
1	-1	-1	42
1	6	-1	42
1	-1	-1	42
1	12	-1	42
1	-1	-1	42
1	4	-1	42
1	40	-1	42
1	23	-1	42
1	52	-1	42
1	10	-1	42
1	50	-1	42
1	47	-1	42
1	45	-1	42
1	21	-1	42
1	57	-1	42
1	8	-1	42
2	3	x496	28
2	45	-1	28
2	11	x497	28
2	47	-1	28
2	22	x498	28
2	54	-1	28
2	4	x499	28
2	41	-1	28
2	12	x500	28
2	43	-1	28
2	23	x501	28
2	33	-1	28
2	19	x502	28
2	39	-1	28
2	15	x503	28
2	37	-1	28
2	14	x504	28
2	6	-1	28
2	60	x505	28
2	9	-1	28
2	0	x506	28
2	25	-1	28
2	26	x507	28
2	29	-1	28
2	49	x508	28
2	7	-1	28
2	55	x509	28
2	1	-1	28
2	51	x510	28
2	27	-1	28
2	20	x511	28
2	13	-1	28
2	16	x512	28
2	31	-1	28
2	28	x513	28
2	35	-1	28
2	59	x514	28
2	57	-1	28
2	56	x515	28
2	53	-1	28
2	50	x516	28
2	2	-1	28
2	52	x517	28
2	17	-1	28
2	58	x518	28
2	21	-1	28
2	46	x519	28
2	8	-1	28
2	40	x520	28
2	10	-1	28
2	48	x521	28
2	5	-1	28
2	44	x522	28
2	24	-1	28
2	42	x523	28
2	18	-1	28
2	36	x524	28
2	30	-1	28
2	34	x525	28
2	32	-1	28
2	38	x526	28
1	5	-1	28
1	26	x527	28
1	42	-1	28
1	28	x528	28
1	9	-1	28
1	20	x529	28
1	58	-1	28
1	24	x530	28
1	13	-1	28
1	22	x531	28
1	7	-1	28
1	2	x532	28
1	3	-1	28
1	48	x533	28
1	32	-1	28
1	0	x534	28
1	34	-1	28
1	36	x535	28
1	46	-1	28
1	16	x536	28
1	44	-1	28
1	18	x537	28
1	56	-1	28
1	38	x538	28
1	43	-1	28
1	30	x539	28
1	59	-1	28
1	14	x540	28
1	54	-1	28
1	-1	-1	28
1	53	-1	28
1	-1	-1	28
1	17	-1	28
1	-1	-1	28
1	37	-1	28
1	-1	-1	28
1	11	-1	28
1	-1	-1	28
1	51	-1	28
1	-1	-1	28
1	27	-1	28
1	-1	-1	28
1	60	-1	28
1	-1	-1	28
1	25	-1	28
1	-1	-1	28
1	55	-1	28
1	-1	-1	28
1	39	-1	28
1	-1	-1	28
1	19	-1	28
1	-1	-1	28
1	15	-1	28
1	-1	-1	28
1	49	-1	28
1	-1	-1	28
1	31	-1	28
1	-1	-1	28
1	29	-1	28
1	-1	-1	28
1	1	-1	28
1	-1	-1	28
1	35	-1	28
1	-1	-1	28
1	41	-1	28
1	-1	-1	28
1	33	-1	28
1	-1	-1	28
1	6	-1	28
1	-1	-1	28
1	12	-1	28
1	-1	-1	28
1	4	-1	28
1	40	-1	28
1	23	-1	28
1	52	-1	28
1	10	-1	28
1	50	-1	28
1	47	-1	28
1	45	-1	28
1	21	-1	28
1	57	-1	28
1	8	-1	28
2	3	x585	43
2	45	-1	43
2	11	x584	43
2	47	-1	43
2	22	x583	43
2	54	-1	43
2	4	x582	43
2	41	-1	43
2	12	x581	43
2	43	-1	43
2	23	x580	43
2	33	-1	43
2	19	x579	43
2	39	-1	43
2	15	x578	43
2	37	-1	43
2	14	x577	43
2	6	-1	43
2	60	x576	43
2	9	-1	43
2	0	x575	43
2	25	-1	43
2	26	x574	43
2	29	-1	43
2	49	x573	43
2	7	-1	43
2	55	x572	43
2	1	-1	43
2	51	x571	43
2	27	-1	43
2	20	x570	43
2	13	-1	43
2	16	x569	43
2	31	-1	43
2	28	x568	43
2	35	-1	43
2	59	x567	43
2	57	-1	43
2	56	x566	43
2	53	-1	43
2	50	x565	43
2	2	-1	43
2	52	x564	43
2	17	-1	43
2	58	x563	43
2	21	-1	43
2	46	x562	43
2	8	-1	43
2	40	x561	43
2	10	-1	43
2	48	x560	43
2	5	-1	43
2	44	x559	43
2	24	-1	43
2	42	x558	43
2	18	-1	43
2	36	x557	43
2	30	-1	43
2	34	x556	43
2	32	-1	43
2	38	x555	43
1	5	-1	43
1	26	x554	43
1	42	-1	43
1	28	x553	43
1	9	-1	43
1	20	x552	43
1	58	-1	43
1	24	x551	43
1	13	-1	43
1	22	x550	43
1	7	-1	43
1	2	x549	43
1	3	-1	43
1	48	x548	43
1	32	-1	43
1	0	x547	43
1	34	-1	43
1	36	x546	43
1	46	-1	43
1	16	x545	43
1	44	-1	43
1	18	x544	43
1	56	-1	43
1	38	x543	43
1	43	-1	43
1	30	x542	43
1	59	-1	43
1	14	x541	43
1	54	-1	43
1	-1	-1	43
1	53	-1	43
1	-1	-1	43
1	17	-1	43
1	-1	-1	43
1	37	-1	43
1	-1	-1	43
1	11	-1	43
1	-1	-1	43
1	51	-1	43
1	-1	-1	43
1	27	-1	43
1	-1	-1	43
1	60	-1	43
1	-1	-1	43
1	25	-1	43
1	-1	-1	43
1	55	-1	43
1	-1	-1	43
1	39	-1	43
1	-1	-1	43
1	19	-1	43
1	-1	-1	43
1	15	-1	43
1	-1	-1	43
1	49	-1	43
1	-1	-1	43
1	31	-1	43
1	-1	-1	43
1	29	-1	43
1	-1	-1	43
1	1	-1	43
1	-1	-1	43
1	35	-1	43
1	-1	-1	43
1	41	-1	43
1	-1	-1	43
1	33	-1	43
1	-1	-1	43
1	6	-1	43
1	-1	-1	43
1	12	-1	43
1	-1	-1	43
1	4	-1	43
1	40	-1	43
1	23	-1	43
1	52	-1	43
1	10	-1	43
1	50	-1	43
1	47	-1	43
1	45	-1	43
1	21	-1	43
1	57	-1	43
1	8	-1	43
2	3	x586	29
2	45	-1	29
2	11	x587	29
2	47	-1	29
2	22	x588	29
2	54	-1	29
2	4	x589	29
2	41	-1	29
2	12	x590	29
2	43	-1	29
2	23	x591	29
2	33	-1	29
2	19	x592	29
2	39	-1	29
2	15	x593	29
2	37	-1	29
2	14	x594	29
2	6	-1	29
2	60	x595	29
2	9	-1	29
2	0	x596	29
2	25	-1	29
2	26	x597	29
2	29	-1	29
2	49	x598	29
2	7	-1	29
2	55	x599	29
2	1	-1	29
2	51	x600	29
2	27	-1	29
2	20	x601	29
2	13	-1	29
2	16	x602	29
2	31	-1	29
2	28	x603	29
2	35	-1	29
2	59	x604	29
2	57	-1	29
2	56	x605	29
2	53	-1	29
2	50	x606	29
2	2	-1	29
2	52	x607	29
2	17	-1	29
2	58	x608	29
2	21	-1	29
2	46	x609	29
2	8	-1	29
2	40	x610	29
2	10	-1	29
2	48	x611	29
2	5	-1	29
2	44	x612	29
2	24	-1	29
2	42	x613	29
2	18	-1	29
2	36	x614	29
2	30	-1	29
2	34	x615	29
2	32	-1	29
2	38	x616	29
1	5	-1	29
1	26	x617	29
1	42	-1	29
1	28	x618	29
1	9	-1	29
1	20	x619	29
1	58	-1	29
1	24	x620	29
1	13	-1	29
1	22	x621	29
1	7	-1	29
1	2	x622	29
1	3	-1	29
1	48	x623	29
1	32	-1	29
1	0	x624	29
1	34	-1	29
1	36	x625	29
1	46	-1	29
1	16	x626	29
1	44	-1	29
1	18	x627	29
1	56	-1	29
1	38	x628	29
1	43	-1	29
1	30	x629	29
1	59	-1	29
1	14	x630	29
1	54	-1	29
1	-1	-1	29
1	53	-1	29
1	-1	-1	29
1	17	-1	29
1	-1	-1	29
1	37	-1	29
1	-1	-1	29
1	11	-1	29
1	-1	-1	29
1	51	-1	29
1	-1	-1	29
1	27	-1	29
1	-1	-1	29
1	60	-1	29
1	-1	-1	29
1	25	-1	29
1	-1	-1	29
1	55	-1	29
1	-1	-1	29
1	39	-1	29
1	-1	-1	29
1	19	-1	29
1	-1	-1	29
1	15	-1	29
1	-1	-1	29
1	49	-1	29
1	-1	-1	29
1	31	-1	29
1	-1	-1	29
1	29	-1	29
1	-1	-1	29
1	1	-1	29
1	-1	-1	29
1	35	-1	29
1	-1	-1	29
1	41	-1	29
1	-1	-1	29
1	33	-1	29
1	-1	-1	29
1	6	-1	29
1	-1	-1	29
1	12	-1	29
1	-1	-1	29
1	4	-1	29
1	40	-1	29
1	23	-1	29
1	52	-1	29
1	10	-1	29
1	50	-1	29
1	47	-1	29
1	45	-1	29
1	21	-1	29
1	57	-1	29
1	8	-1	29
2	3	x675	30
2	45	-1	30
2	11	x674	30
2	47	-1	30
2	22	x673	30
2	54	-1	30
2	4	x672	30
2	41	-1	30
2	12	x671	30
2	43	-1	30
2	23	x670	30
2	33	-1	30
2	19	x669	30
2	39	-1	30
2	15	x668	30
2	37	-1	30
2	14	x667	30
2	6	-1	30
2	60	x666	30
2	9	-1	30
2	0	x665	30
2	25	-1	30
2	26	x664	30
2	29	-1	30
2	49	x663	30
2	7	-1	30
2	55	x662	30
2	1	-1	30
2	51	x661	30
2	27	-1	30
2	20	x660	30
2	13	-1	30
2	16	x659	30
2	31	-1	30
2	28	x658	30
2	35	-1	30
2	59	x657	30
2	57	-1	30
2	56	x656	30
2	53	-1	30
2	50	x655	30
2	2	-1	30
2	52	x654	30
2	17	-1	30
2	58	x653	30
2	21	-1	30
2	46	x652	30
2	8	-1	30
2	40	x651	30
2	10	-1	30
2	48	x650	30
2	5	-1	30
2	44	x649	30
2	24	-1	30
2	42	x648	30
2	18	-1	30
2	36	x647	30
2	30	-1	30
2	34	x646	30
2	32	-1	30
2	38	x645	30
1	5	-1	30
1	26	x644	30
1	42	-1	30
1	28	x643	30
1	9	-1	30
1	20	x642	30
1	58	-1	30
1	24	x641	30
1	13	-1	30
1	22	x640	30
1	7	-1	30
1	2	x639	30
1	3	-1	30
1	48	x638	30
1	32	-1	30
1	0	x637	30
1	34	-1	30
1	36	x636	30
1	46	-1	30
1	16	x635	30
1	44	-1	30
1	18	x634	30
1	56	-1	30
1	38	x633	30
1	43	-1	30
1	30	x632	30
1	59	-1	30
1	14	x631	30
1	54	-1	30
1	-1	-1	30
1	53	-1	30
1	-1	-1	30
1	17	-1	30
1	-1	-1	30
1	37	-1	30
1	-1	-1	30
1	11	-1	30
1	-1	-1	30
1	51	-1	30
1	-1	-1	30
1	27	-1	30
1	-1	-1	30
1	60	-1	30
1	-1	-1	30
1	25	-1	30
1	-1	-1	30
1	55	-1	30
1	-1	-1	30
1	39	-1	30
1	-1	-1	30
1	19	-1	30
1	-1	-1	30
1	15	-1	30
1	-1	-1	30
1	49	-1	30
1	-1	-1	30
1	31	-1	30
1	-1	-1	30
1	29	-1	30
1	-1	-1	30
1	1	-1	30
1	-1	-1	30
1	35	-1	30
1	-1	-1	30
1	41	-1	30
1	-1	-1	30
1	33	-1	30
1	-1	-1	30
1	6	-1	30
1	-1	-1	30
1	12	-1	30
1	-1	-1	30
1	4	-1	30
1	40	-1	30
1	23	-1	30
1	52	-1	30
1	10	-1	30
1	50	-1	30
1	47	-1	30
1	45	-1	30
1	21	-1	30
1	57	-1	30
1	8	-1	30
2	3	x676	16
2	45	-1	16
2	11	x677	16
2	47	-1	16
2	22	x678	16
2	54	-1	16
2	4	x679	16
2	41	-1	16
2	12	x680	16
2	43	-1	16
2	23	x681	16
2	33	-1	16
2	19	x682	16
2	39	-1	16
2	15	x683	16
2	37	-1	16
2	14	x684	16
2	6	-1	16
2	60	x685	16
2	9	-1	16
2	0	x686	16
2	25	-1	16
2	26	x687	16
2	29	-1	16
2	49	x688	16
2	7	-1	16
2	55	x689	16
2	1	-1	16
2	51	x690	16
2	27	-1	16
2	20	x691	16
2	13	-1	16
2	16	x692	16
2	31	-1	16
2	28	x693	16
2	35	-1	16
2	59	x694	16
2	57	-1	16
2	56	x695	16
2	53	-1	16
2	50	x696	16
2	2	-1	16
2	52	x697	16
2	17	-1	16
2	58	x698	16
2	21	-1	16
2	46	x699	16
2	8	-1	16
2	40	x700	16
2	10	-1	16
2	48	x701	16
2	5	-1	16
2	44	x702	16
2	24	-1	16
2	42	x703	16
2	18	-1	16
2	36	x704	16
2	30	-1	16
2	34	x705	16
2	32	-1	16
2	38	x706	16
1	5	-1	16
1	26	x707	16
1	42	-1	16
1	28	x708	16
1	9	-1	16
1	20	x709	16
1	58	-1	16
1	24	x710	16
1	13	-1	16
1	22	x711	16
1	7	-1	16
1	2	x712	16
1	3	-1	16
1	48	x713	16
1	32	-1	16
1	0	x714	16
1	34	-1	16
1	36	x715	16
1	46	-1	16
1	16	x716	16
1	44	-1	16
1	18	x717	16
1	56	-1	16
1	38	x718	16
1	43	-1	16
1	30	x719	16
1	59	-1	16
1	14	x720	16
1	54	-1	16
1	-1	-1	16
1	53	-1	16
1	-1	-1	16
1	17	-1	16
1	-1	-1	16
1	37	-1	16
1	-1	-1	16
1	11	-1	16
1	-1	-1	16
1	51	-1	16
1	-1	-1	16
1	27	-1	16
1	-1	-1	16
1	60	-1	16
1	-1	-1	16
1	25	-1	16
1	-1	-1	16
1	55	-1	16
1	-1	-1	16
1	39	-1	16
1	-1	-1	16
1	19	-1	16
1	-1	-1	16
1	15	-1	16
1	-1	-1	16
1	49	-1	16
1	-1	-1	16
1	31	-1	16
1	-1	-1	16
1	29	-1	16
1	-1	-1	16
1	1	-1	16
1	-1	-1	16
1	35	-1	16
1	-1	-1	16
1	41	-1	16
1	-1	-1	16
1	33	-1	16
1	-1	-1	16
1	6	-1	16
1	-1	-1	16
1	12	-1	16
1	-1	-1	16
1	4	-1	16
1	40	-1	16
1	23	-1	16
1	52	-1	16
1	10	-1	16
1	50	-1	16
1	47	-1	16
1	45	-1	16
1	21	-1	16
1	57	-1	16
1	8	-1	16
2	3	x765	31
2	45	-1	31
2	11	x764	31
2	47	-1	31
2	22	x763	31
2	54	-1	31
2	4	x762	31
2	41	-1	31
2	12	x761	31
2	43	-1	31
2	23	x760	31
2	33	-1	31
2	19	x759	31
2	39	-1	31
2	15	x758	31
2	37	-1	31
2	14	x757	31
2	6	-1	31
2	60	x756	31
2	9	-1	31
2	0	x755	31
2	25	-1	31
2	26	x754	31
2	29	-1	31
2	49	x753	31
2	7	-1	31
2	55	x752	31
2	1	-1	31
2	51	x751	31
2	27	-1	31
2	20	x750	31
2	13	-1	31
2	16	x749	31
2	31	-1	31
2	28	x748	31
2	35	-1	31
2	59	x747	31
2	57	-1	31
2	56	x746	31
2	53	-1	31
2	50	x745	31
2	2	-1	31
2	52	x744	31
2	17	-1	31
2	58	x743	31
2	21	-1	31
2	46	x742	31
2	8	-1	31
2	40	x741	31
2	10	-1	31
2	48	x740	31
2	5	-1	31
2	44	x739	31
2	24	-1	31
2	42	x738	31
2	18	-1	31
2	36	x737	31
2	30	-1	31
2	34	x736	31
2	32	-1	31
2	38	x735	31
1	5	-1	31
1	26	x734	31
1	42	-1	31
1	28	x733	31
1	9	-1	31
1	20	x732	31
1	58	-1	31
1	24	x731	31
1	13	-1	31
1	22	x730	31
1	7	-1	31
1	2	x729	31
1	3	-1	31
1	48	x728	31
1	32	-1	31
1	0	x727	31
1	34	-1	31
1	36	x726	31
1	46	-1	31
1	16	x725	31
1	44	-1	31
1	18	x724	31
1	56	-1	31
1	38	x723	31
1	43	-1	31
1	30	x722	31
1	59	-1	31
1	14	x721	31
1	54	-1	31
1	-1	-1	31
1	53	-1	31
1	-1	-1	31
1	17	-1	31
1	-1	-1	31
1	37	-1	31
1	-1	-1	31
1	11	-1	31
1	-1	-1	31
1	51	-1	31
1	-1	-1	31
1	27	-1	31
1	-1	-1	31
1	60	-1	31
1	-1	-1	31
1	25	-1	31
1	-1	-1	31
1	55	-1	31
1	-1	-1	31
1	39	-1	31
1	-1	-1	31
1	19	-1	31
1	-1	-1	31
1	15	-1	31
1	-1	-1	31
1	49	-1	31
1	-1	-1	31
1	31	-1	31
1	-1	-1	31
1	29	-1	31
1	-1	-1	31
1	1	-1	31
1	-1	-1	31
1	35	-1	31
1	-1	-1	31
1	41	-1	31
1	-1	-1	31
1	33	-1	31
1	-1	-1	31
1	6	-1	31
1	-1	-1	31
1	12	-1	31
1	-1	-1	31
1	4	-1	31
1	40	-1	31
1	23	-1	31
1	52	-1	31
1	10	-1	31
1	50	-1	31
1	47	-1	31
1	45	-1	31
1	21	-1	31
1	57	-1	31
1	8	-1	31
2	3	x766	17
2	45	-1	17
2	11	x767	17
2	47	-1	17
2	22	x768	17
2	54	-1	17
2	4	x769	17
2	41	-1	17
2	12	x770	17
2	43	-1	17
2	23	x771	17
2	33	-1	17
2	19	x772	17
2	39	-1	17
2	15	x773	17
2	37	-1	17
2	14	x774	17
2	6	-1	17
2	60	x775	17
2	9	-1	17
2	0	x776	17
2	25	-1	17
2	26	x777	17
2	29	-1	17
2	49	x778	17
2	7	-1	17
2	55	x779	17
2	1	-1	17
2	51	x780	17
2	27	-1	17
2	20	x781	17
2	13	-1	17
2	16	x782	17
2	31	-1	17
2	28	x783	17
2	35	-1	17
2	59	x784	17
2	57	-1	17
2	56	x785	17
2	53	-1	17
2	50	x786	17
2	2	-1	17
2	52	x787	17
2	17	-1	17
2	58	x788	17
2	21	-1	17
2	46	x789	17
2	8	-1	17
2	40	x790	17
2	10	-1	17
2	48	x791	17
2	5	-1	17
2	44	x792	17
2	24	-1	17
2	42	x793	17
2	18	-1	17
2	36	x794	17
2	30	-1	17
2	34	x795	17
2	32	-1	17
2	38	x796	17
1	5	-1	17
1	26	x797	17
1	42	-1	17
1	28	x798	17
1	9	-1	17
1	20	x799	17
1	58	-1	17
1	24	x800	17
1	13	-1	17
1	22	x801	17
1	7	-1	17
1	2	x802	17
1	3	-1	17
1	48	x803	17
1	32	-1	17
1	0	x804	17
1	34	-1	17
1	36	x805	17
1	46	-1	17
1	16	x806	17
1	44	-1	17
1	18	x807	17
1	56	-1	17
1	38	x808	17
1	43	-1	17
1	30	x809	17
1	59	-1	17
1	14	x810	17
1	54	-1	17
1	-1	-1	17
1	53	-1	17
1	-1	-1	17
1	17	-1	17
1	-1	-1	17
1	37	-1	17
1	-1	-1	17
1	11	-1	17
1	-1	-1	17
1	51	-1	17
1	-1	-1	17
1	27	-1	17
1	-1	-1	17
1	60	-1	17
1	-1	-1	17
1	25	-1	17
1	-1	-1	17
1	55	-1	17
1	-1	-1	17
1	39	-1	17
1	-1	-1	17
1	19	-1	17
1	-1	-1	17
1	15	-1	17
1	-1	-1	17
1	49	-1	17
1	-1	-1	17
1	31	-1	17
1	-1	-1	17
1	29	-1	17
1	-1	-1	17
1	1	-1	17
1	-1	-1	17
1	35	-1	17
1	-1	-1	17
1	41	-1	17
1	-1	-1	17
1	33	-1	17
1	-1	-1	17
1	6	-1	17
1	-1	-1	17
1	12	-1	17
1	-1	-1	17
1	4	-1	17
1	40	-1	17
1	23	-1	17
1	52	-1	17
1	10	-1	17
1	50	-1	17
1	47	-1	17
1	45	-1	17
1	21	-1	17
1	57	-1	17
1	8	-1	17
2	3	x855	32
2	45	-1	32
2	11	x854	32
2	47	-1	32
2	22	x853	32
2	54	-1	32
2	4	x852	32
2	41	-1	32
2	12	x851	32
2	43	-1	32
2	23	x850	32
2	33	-1	32
2	19	x849	32
2	39	-1	32
2	15	x848	32
2	37	-1	32
2	14	x847	32
2	6	-1	32
2	60	x846	32
2	9	-1	32
2	0	x845	32
2	25	-1	32
2	26	x844	32
2	29	-1	32
2	49	x843	32
2	7	-1	32
2	55	x842	32
2	1	-1	32
2	51	x841	32
2	27	-1	32
2	20	x840	32
2	13	-1	32
2	16	x839	32
2	31	-1	32
2	28	x838	32
2	35	-1	32
2	59	x837	32
2	57	-1	32
2	56	x836	32
2	53	-1	32
2	50	x835	32
2	2	-1	32
2	52	x834	32
2	17	-1	32
2	58	x833	32
2	21	-1	32
2	46	x832	32
2	8	-1	32
2	40	x831	32
2	10	-1	32
2	48	x830	32
2	5	-1	32
2	44	x829	32
2	24	-1	32
2	42	x828	32
2	18	-1	32
2	36	x827	32
2	30	-1	32
2	34	x826	32
2	32	-1	32
2	38	x825	32
1	5	-1	32
1	26	x824	32
1	42	-1	32
1	28	x823	32
1	9	-1	32
1	20	x822	32
1	58	-1	32
1	24	x821	32
1	13	-1	32
1	22	x820	32
1	7	-1	32
1	2	x819	32
1	3	-1	32
1	48	x818	32
1	32	-1	32
1	0	x817	32
1	34	-1	32
1	36	x816	32
1	46	-1	32
1	16	x815	32
1	44	-1	32
1	18	x814	32
1	56	-1	32
1	38	x813	32
1	43	-1	32
1	30	x812	32
1	59	-1	32
1	14	x811	32
1	54	-1	32
1	-1	-1	32
1	53	-1	32
1	-1	-1	32
1	17	-1	32
1	-1	-1	32
1	37	-1	32
1	-1	-1	32
1	11	-1	32
1	-1	-1	32
1	51	-1	32
1	-1	-1	32
1	27	-1	32
1	-1	-1	32
1	60	-1	32
1	-1	-1	32
1	25	-1	32
1	-1	-1	32
1	55	-1	32
1	-1	-1	32
1	39	-1	32
1	-1	-1	32
1	19	-1	32
1	-1	-1	32
1	15	-1	32
1	-1	-1	32
1	49	-1	32
1	-1	-1	32
1	31	-1	32
1	-1	-1	32
1	29	-1	32
1	-1	-1	32
1	1	-1	32
1	-1	-1	32
1	35	-1	32
1	-1	-1	32
1	41	-1	32
1	-1	-1	32
1	33	-1	32
1	-1	-1	32
1	6	-1	32
1	-1	-1	32
1	12	-1	32
1	-1	-1	32
1	4	-1	32
1	40	-1	32
1	23	-1	32
1	52	-1	32
1	10	-1	32
1	50	-1	32
1	47	-1	32
1	45	-1	32
1	21	-1	32
1	57	-1	32
1	8	-1	32
2	3	x856	18
2	45	-1	18
2	11	x857	18
2	47	-1	18
2	22	x858	18
2	54	-1	18
2	4	x859	18
2	41	-1	18
2	12	x860	18
2	43	-1	18
2	23	x861	18
2	33	-1	18
2	19	x862	18
2	39	-1	18
2	15	x863	18
2	37	-1	18
2	14	x864	18
2	6	-1	18
2	60	x865	18
2	9	-1	18
2	0	x866	18
2	25	-1	18
2	26	x867	18
2	29	-1	18
2	49	x868	18
2	7	-1	18
2	55	x869	18
2	1	-1	18
2	51	x870	18
2	27	-1	18
2	20	x871	18
2	13	-1	18
2	16	x872	18
2	31	-1	18
2	28	x873	18
2	35	-1	18
2	59	x874	18
2	57	-1	18
2	56	x875	18
2	53	-1	18
2	50	x876	18
2	2	-1	18
2	52	x877	18
2	17	-1	18
2	58	x878	18
2	21	-1	18
2	46	x879	18
2	8	-1	18
2	40	x880	18
2	10	-1	18
2	48	x881	18
2	5	-1	18
2	44	x882	18
2	24	-1	18
2	42	x883	18
2	18	-1	18
2	36	x884	18
2	30	-1	18
2	34	x885	18
2	32	-1	18
2	38	x886	18
1	5	-1	18
1	26	x887	18
1	42	-1	18
1	28	x888	18
1	9	-1	18
1	20	x889	18
1	58	-1	18
1	24	x890	18
1	13	-1	18
1	22	x891	18
1	7	-1	18
1	2	x892	18
1	3	-1	18
1	48	x893	18
1	32	-1	18
1	0	x894	18
1	34	-1	18
1	36	x895	18
1	46	-1	18
1	16	x896	18
1	44	-1	18
1	18	x897	18
1	56	-1	18
1	38	x898	18
1	43	-1	18
1	30	x899	18
1	59	-1	18
1	14	x900	18
1	54	-1	18
1	-1	-1	18
1	53	-1	18
1	-1	-1	18
1	17	-1	18
1	-1	-1	18
1	37	-1	18
1	-1	-1	18
1	11	-1	18
1	-1	-1	18
1	51	-1	18
1	-1	-1	18
1	27	-1	18
1	-1	-1	18
1	60	-1	18
1	-1	-1	18
1	25	-1	18
1	-1	-1	18
1	55	-1	18
1	-1	-1	18
1	39	-1	18
1	-1	-1	18
1	19	-1	18
1	-1	-1	18
1	15	-1	18
1	-1	-1	18
1	49	-1	18
1	-1	-1	18
1	31	-1	18
1	-1	-1	18
1	29	-1	18
1	-1	-1	18
1	1	-1	18
1	-1	-1	18
1	35	-1	18
1	-1	-1	18
1	41	-1	18
1	-1	-1	18
1	33	-1	18
1	-1	-1	18
1	6	-1	18
1	-1	-1	18
1	12	-1	18
1	-1	-1	18
1	4	-1	18
1	40	-1	18
1	23	-1	18
1	52	-1	18
1	10	-1	18
1	50	-1	18
1	47	-1	18
1	45	-1	18
1	21	-1	18
1	57	-1	18
1	8	-1	18
2	3	x945	33
2	45	-1	33
2	11	x944	33
2	47	-1	33
2	22	x943	33
2	54	-1	33
2	4	x942	33
2	41	-1	33
2	12	x941	33
2	43	-1	33
2	23	x940	33
2	33	-1	33
2	19	x939	33
2	39	-1	33
2	15	x938	33
2	37	-1	33
2	14	x937	33
2	6	-1	33
2	60	x936	33
2	9	-1	33
2	0	x935	33
2	25	-1	33
2	26	x934	33
2	29	-1	33
2	49	x933	33
2	7	-1	33
2	55	x932	33
2	1	-1	33
2	51	x931	33
2	27	-1	33
2	20	x930	33
2	13	-1	33
2	16	x929	33
2	31	-1	33
2	28	x928	33
2	35	-1	33
2	59	x927	33
2	57	-1	33
2	56	x926	33
2	53	-1	33
2	50	x925	33
2	2	-1	33
2	52	x924	33
2	17	-1	33
2	58	x923	33
2	21	-1	33
2	46	x922	33
2	8	-1	33
2	40	x921	33
2	10	-1	33
2	48	x920	33
2	5	-1	33
2	44	x919	33
2	24	-1	33
2	42	x918	33
2	18	-1	33
2	36	x917	33
2	30	-1	33
2	34	x916	33
2	32	-1	33
2	38	x915	33
1	5	-1	33
1	26	x914	33
1	42	-1	33
1	28	x913	33
1	9	-1	33
1	20	x912	33
1	58	-1	33
1	24	x911	33
1	13	-1	33
1	22	x910	33
1	7	-1	33
1	2	x909	33
1	3	-1	33
1	48	x908	33
1	32	-1	33
1	0	x907	33
1	34	-1	33
1	36	x906	33
1	46	-1	33
1	16	x905	33
1	44	-1	33
1	18	x904	33
1	56	-1	33
1	38	x903	33
1	43	-1	33
1	30	x902	33
1	59	-1	33
1	14	x901	33
1	54	-1	33
1	-1	-1	33
1	53	-1	33
1	-1	-1	33
1	17	-1	33
1	-1	-1	33
1	37	-1	33
1	-1	-1	33
1	11	-1	33
1	-1	-1	33
1	51	-1	33
1	-1	-1	33
1	27	-1	33
1	-1	-1	33
1	60	-1	33
1	-1	-1	33
1	25	-1	33
1	-1	-1	33
1	55	-1	33
1	-1	-1	33
1	39	-1	33
1	-1	-1	33
1	19	-1	33
1	-1	-1	33
1	15	-1	33
1	-1	-1	33
1	49	-1	33
1	-1	-1	33
1	31	-1	33
1	-1	-1	33
1	29	-1	33
1	-1	-1	33
1	1	-1	33
1	-1	-1	33
1	35	-1	33
1	-1	-1	33
1	41	-1	33
1	-1	-1	33
1	33	-1	33
1	-1	-1	33
1	6	-1	33
1	-1	-1	33
1	12	-1	33
1	-1	-1	33
1	4	-1	33
1	40	-1	33
1	23	-1	33
1	52	-1	33
1	10	-1	33
1	50	-1	33
1	47	-1	33
1	45	-1	33
1	21	-1	33
1	57	-1	33
1	8	-1	33
2	3	x946	19
2	45	-1	19
2	11	x947	19
2	47	-1	19
2	22	x948	19
2	54	-1	19
2	4	x949	19
2	41	-1	19
2	12	x950	19
2	43	-1	19
2	23	x951	19
2	33	-1	19
2	19	x952	19
2	39	-1	19
2	15	x953	19
2	37	-1	19
2	14	x954	19
2	6	-1	19
2	60	x955	19
2	9	-1	19
2	0	x956	19
2	25	-1	19
2	26	x957	19
2	29	-1	19
2	49	x958	19
2	7	-1	19
2	55	x959	19
2	1	-1	19
2	51	x960	19
2	27	-1	19
2	20	x961	19
2	13	-1	19
2	16	x962	19
2	31	-1	19
2	28	x963	19
2	35	-1	19
2	59	x964	19
2	57	-1	19
2	56	x965	19
2	53	-1	19
2	50	x966	19
2	2	-1	19
2	52	x967	19
2	17	-1	19
2	58	x968	19
2	21	-1	19
2	46	x969	19
2	8	-1	19
2	40	x970	19
2	10	-1	19
2	48	x971	19
2	5	-1	19
2	44	x972	19
2	24	-1	19
2	42	x973	19
2	18	-1	19
2	36	x974	19
2	30	-1	19
2	34	x975	19
2	32	-1	19
2	38	x976	19
1	5	-1	19
1	26	x977	19
1	42	-1	19
1	28	x978	19
1	9	-1	19
1	20	x979	19
1	58	-1	19
1	24	x980	19
1	13	-1	19
1	22	x981	19
1	7	-1	19
1	2	x982	19
1	3	-1	19
1	48	x983	19
1	32	-1	19
1	0	x984	19
1	34	-1	19
1	36	x985	19
1	46	-1	19
1	16	x986	19
1	44	-1	19
1	18	x987	19
1	56	-1	19
1	38	x988	19
1	43	-1	19
1	30	x989	19
1	59	-1	19
1	14	x990	19
1	54	-1	19
1	-1	-1	19
1	53	-1	19
1	-1	-1	19
1	17	-1	19
1	-1	-1	19
1	37	-1	19
1	-1	-1	19
1	11	-1	19
1	-1	-1	19
1	51	-1	19
1	-1	-1	19
1	27	-1	19
1	-1	-1	19
1	60	-1	19
1	-1	-1	19
1	25	-1	19
1	-1	-1	19
1	55	-1	19
1	-1	-1	19
1	39	-1	19
1	-1	-1	19
1	19	-1	19
1	-1	-1	19
1	15	-1	19
1	-1	-1	19
1	49	-1	19
1	-1	-1	19
1	31	-1	19
1	-1	-1	19
1	29	-1	19
1	-1	-1	19
1	1	-1	19
1	-1	-1	19
1	35	-1	19
1	-1	-1	19
1	41	-1	19
1	-1	-1	19
1	33	-1	19
1	-1	-1	19
1	6	-1	19
1	-1	-1	19
1	12	-1	19
1	-1	-1	19
1	4	-1	19
1	40	-1	19
1	23	-1	19
1	52	-1	19
1	10	-1	19
1	50	-1	19
1	47	-1	19
1	45	-1	19
1	21	-1	19
1	57	-1	19
1	8	-1	19
2	3	x1035	34
2	45	-1	34
2	11	x1034	34
2	47	-1	34
2	22	x1033	34
2	54	-1	34
2	4	x1032	34
2	41	-1	34
2	12	x1031	34
2	43	-1	34
2	23	x1030	34
2	33	-1	34
2	19	x1029	34
2	39	-1	34
2	15	x1028	34
2	37	-1	34
2	14	x1027	34
2	6	-1	34
2	60	x1026	34
2	9	-1	34
2	0	x1025	34
2	25	-1	34
2	26	x1024	34
2	29	-1	34
2	49	x1023	34
2	7	-1	34
2	55	x1022	34
2	1	-1	34
2	51	x1021	34
2	27	-1	34
2	20	x1020	34
2	13	-1	34
2	16	x1019	34
2	31	-1	34
2	28	x1018	34
2	35	-1	34
2	59	x1017	34
2	57	-1	34
2	56	x1016	34
2	53	-1	34
2	50	x1015	34
2	2	-1	34
2	52	x1014	34
2	17	-1	34
2	58	x1013	34
2	21	-1	34
2	46	x1012	34
2	8	-1	34
2	40	x1011	34
2	10	-1	34
2	48	x1010	34
2	5	-1	34
2	44	x1009	34
2	24	-1	34
2	42	x1008	34
2	18	-1	34
2	36	x1007	34
2	30	-1	34
2	34	x1006	34
2	32	-1	34
2	38	x1005	34
1	5	-1	34
1	26	x1004	34
1	42	-1	34
1	28	x1003	34
1	9	-1	34
1	20	x1002	34
1	58	-1	34
1	24	x1001	34
1	13	-1	34
1	22	x1000	34
1	7	-1	34
1	2	x999	34
1	3	-1	34
1	48	x998	34
1	32	-1	34
1	0	x997	34
1	34	-1	34
1	36	x996	34
1	46	-1	34
1	16	x995	34
1	44	-1	34
1	18	x994	34
1	56	-1	34
1	38	x993	34
1	43	-1	34
1	30	x992	34
1	59	-1	34
1	14	x991	34
1	54	-1	34
1	-1	-1	34
1	53	-1	34
1	-1	-1	34
1	17	-1	34
1	-1	-1	34
1	37	-1	34
1	-1	-1	34
1	11	-1	34
1	-1	-1	34
1	51	-1	34
1	-1	-1	34
1	27	-1	34
1	-1	-1	34
1	60	-1	34
1	-1	-1	34
1	25	-1	34
1	-1	-1	34
1	55	-1	34
1	-1	-1	34
1	39	-1	34
1	-1	-1	34
1	19	-1	34
1	-1	-1	34
1	15	-1	34
1	-1	-1	34
1	49	-1	34
1	-1	-1	34
1	31	-1	34
1	-1	-1	34
1	29	-1	34
1	-1	-1	34
1	1	-1	34
1	-1	-1	34
1	35	-1	34
1	-1	-1	34
1	41	-1	34
1	-1	-1	34
1	33	-1	34
1	-1	-1	34
1	6	-1	34
1	-1	-1	34
1	12	-1	34
1	-1	-1	34
1	4	-1	34
1	40	-1	34
1	23	-1	34
1	52	-1	34
1	10	-1	34
1	50	-1	34
1	47	-1	34
1	45	-1	34
1	21	-1	34
1	57	-1	34
1	8	-1	34
2	3	x1036	20
2	45	-1	20
2	11	x1037	20
2	47	-1	20
2	22	x1038	20
2	54	-1	20
2	4	x1039	20
2	41	-1	20
2	12	x1040	20
2	43	-1	20
2	23	x1041	20
2	33	-1	20
2	19	x1042	20
2	39	-1	20
2	15	x1043	20
2	37	-1	20
2	14	x1044	20
2	6	-1	20
2	60	x1045	20
2	9	-1	20
2	0	x1046	20
2	25	-1	20
2	26	x1047	20
2	29	-1	20
2	49	x1048	20
2	7	-1	20
2	55	x1049	20
2	1	-1	20
2	51	x1050	20
2	27	-1	20
2	20	x1051	20
2	13	-1	20
2	16	x1052	20
2	31	-1	20
2	28	x1053	20
2	35	-1	20
2	59	x1054	20
2	57	-1	20
2	56	x1055	20
2	53	-1	20
2	50	x1056	20
2	2	-1	20
2	52	x1057	20
2	17	-1	20
2	58	x1058	20
2	21	-1	20
2	46	x1059	20
2	8	-1	20
2	40	x1060	20
2	10	-1	20
2	48	x1061	20
2	5	-1	20
2	44	x1062	20
2	24	-1	20
2	42	x1063	20
2	18	-1	20
2	36	x1064	20
2	30	-1	20
2	34	x1065	20
2	32	-1	20
2	38	x1066	20
1	5	-1	20
1	26	x1067	20
1	42	-1	20
1	28	x1068	20
1	9	-1	20
1	20	x1069	20
1	58	-1	20
1	24	x1070	20
1	13	-1	20
1	22	x1071	20
1	7	-1	20
1	2	x1072	20
1	3	-1	20
1	48	x1073	20
1	32	-1	20
1	0	x1074	20
1	34	-1	20
1	36	x1075	20
1	46	-1	20
1	16	x1076	20
1	44	-1	20
1	18	x1077	20
1	56	-1	20
1	38	x1078	20
1	43	-1	20
1	30	x1079	20
1	59	-1	20
1	14	x1080	20
1	54	-1	20
1	-1	-1	20
1	53	-1	20
1	-1	-1	20
1	17	-1	20
1	-1	-1	20
1	37	-1	20
1	-1	-1	20
1	11	-1	20
1	-1	-1	20
1	51	-1	20
1	-1	-1	20
1	27	-1	20
1	-1	-1	20
1	60	-1	20
1	-1	-1	20
1	25	-1	20
1	-1	-1	20
1	55	-1	20
1	-1	-1	20
1	39	-1	20
1	-1	-1	20
1	19	-1	20
1	-1	-1	20
1	15	-1	20
1	-1	-1	20
1	49	-1	20
1	-1	-1	20
1	31	-1	20
1	-1	-1	20
1	29	-1	20
1	-1	-1	20
1	1	-1	20
1	-1	-1	20
1	35	-1	20
1	-1	-1	20
1	41	-1	20
1	-1	-1	20
1	33	-1	20
1	-1	-1	20
1	6	-1	20
1	-1	-1	20
1	12	-1	20
1	-1	-1	20
1	4	-1	20
1	40	-1	20
1	23	-1	20
1	52	-1	20
1	10	-1	20
1	50	-1	20
1	47	-1	20
1	45	-1	20
1	21	-1	20
1	57	-1	20
1	8	-1	20
2	3	x1125	35
2	45	-1	35
2	11	x1124	35
2	47	-1	35
2	22	x1123	35
2	54	-1	35
2	4	x1122	35
2	41	-1	35
2	12	x1121	35
2	43	-1	35
2	23	x1120	35
2	33	-1	35
2	19	x1119	35
2	39	-1	35
2	15	x1118	35
2	37	-1	35
2	14	x1117	35
2	6	-1	35
2	60	x1116	35
2	9	-1	35
2	0	x1115	35
2	25	-1	35
2	26	x1114	35
2	29	-1	35
2	49	x1113	35
2	7	-1	35
2	55	x1112	35
2	1	-1	35
2	51	x1111	35
2	27	-1	35
2	20	x1110	35
2	13	-1	35
2	16	x1109	35
2	31	-1	35
2	28	x1108	35
2	35	-1	35
2	59	x1107	35
2	57	-1	35
2	56	x1106	35
2	53	-1	35
2	50	x1105	35
2	2	-1	35
2	52	x1104	35
2	17	-1	35
2	58	x1103	35
2	21	-1	35
2	46	x1102	35
2	8	-1	35
2	40	x1101	35
2	10	-1	35
2	48	x1100	35
2	5	-1	35
2	44	x1099	35
2	24	-1	35
2	42	x1098	35
2	18	-1	35
2	36	x1097	35
2	30	-1	35
2	34	x1096	35
2	32	-1	35
2	38	x1095	35
1	5	-1	35
1	26	x1094	35
1	42	-1	35
1	28	x1093	35
1	9	-1	35
1	20	x1092	35
1	58	-1	35
1	24	x1091	35
1	13	-1	35
1	22	x1090	35
1	7	-1	35
1	2	x1089	35
1	3	-1	35
1	48	x1088	35
1	32	-1	35
1	0	x1087	35
1	34	-1	35
1	36	x1086	35
1	46	-1	35
1	16	x1085	35
1	44	-1	35
1	18	x1084	35
1	56	-1	35
1	38	x1083	35
1	43	-1	35
1	30	x1082	35
1	59	-1	35
1	14	x1081	35
1	54	-1	35
1	-1	-1	35
1	53	-1	35
1	-1	-1	35
1	17	-1	35
1	-1	-1	35
1	37	-1	35
1	-1	-1	35
1	11	-1	35
1	-1	-1	35
1	51	-1	35
1	-1	-1	35
1	27	-1	35
1	-1	-1	35
1	60	-1	35
1	-1	-1	35
1	25	-1	35
1	-1	-1	35
1	55	-1	35
1	-1	-1	35
1	39	-1	35
1	-1	-1	35
1	19	-1	35
1	-1	-1	35
1	15	-1	35
1	-1	-1	35
1	49	-1	35
1	-1	-1	35
1	31	-1	35
1	-1	-1	35
1	29	-1	35
1	-1	-1	35
1	1	-1	35
1	-1	-1	35
1	35	-1	35
1	-1	-1	35
1	41	-1	35
1	-1	-1	35
1	33	-1	35
1	-1	-1	35
1	6	-1	35
1	-1	-1	35
1	12	-1	35
1	-1	-1	35
1	4	-1	35
1	40	-1	35
1	23	-1	35
1	52	-1	35
1	10	-1	35
1	50	-1	35
1	47	-1	35
1	45	-1	35
1	21	-1	35
1	57	-1	35
1	8	-1	35
2	3	x1126	21
2	45	-1	21
2	11	x1127	21
2	47	-1	21
2	22	x1128	21
2	54	-1	21
2	4	x1129	21
2	41	-1	21
2	12	x1130	21
2	43	-1	21
2	23	x1131	21
2	33	-1	21
2	19	x1132	21
2	39	-1	21
2	15	x1133	21
2	37	-1	21
2	14	x1134	21
2	6	-1	21
2	60	x1135	21
2	9	-1	21
2	0	x1136	21
2	25	-1	21
2	26	x1137	21
2	29	-1	21
2	49	x1138	21
2	7	-1	21
2	55	x1139	21
2	1	-1	21
2	51	x1140	21
2	27	-1	21
2	20	x1141	21
2	13	-1	21
2	16	x1142	21
2	31	-1	21
2	28	x1143	21
2	35	-1	21
2	59	x1144	21
2	57	-1	21
2	56	x1145	21
2	53	-1	21
2	50	x1146	21
2	2	-1	21
2	52	x1147	21
2	17	-1	21
2	58	x1148	21
2	21	-1	21
2	46	x1149	21
2	8	-1	21
2	40	x1150	21
2	10	-1	21
2	48	x1151	21
2	5	-1	21
2	44	x1152	21
2	24	-1	21
2	42	x1153	21
2	18	-1	21
2	36	x1154	21
2	30	-1	21
2	34	x1155	21
2	32	-1	21
2	38	x1156	21
1	5	-1	21
1	26	x1157	21
1	42	-1	21
1	28	x1158	21
1	9	-1	21
1	20	x1159	21
1	58	-1	21
1	24	x1160	21
1	13	-1	21
1	22	x1161	21
1	7	-1	21
1	2	x1162	21
1	3	-1	21
1	48	x1163	21
1	32	-1	21
1	0	x1164	21
1	34	-1	21
1	36	x1165	21
1	46	-1	21
1	16	x1166	21
1	44	-1	21
1	18	x1167	21
1	56	-1	21
1	38	x1168	21
1	43	-1	21
1	30	x1169	21
1	59	-1	21
1	14	x1170	21
1	54	-1	21
1	-1	-1	21
1	53	-1	21
1	-1	-1	21
1	17	-1	21
1	-1	-1	21
1	37	-1	21
1	-1	-1	21
1	11	-1	21
1	-1	-1	21
1	51	-1	21
1	-1	-1	21
1	27	-1	21
1	-1	-1	21
1	60	-1	21
1	-1	-1	21
1	25	-1	21
1	-1	-1	21
1	55	-1	21
1	-1	-1	21
1	39	-1	21
1	-1	-1	21
1	19	-1	21
1	-1	-1	21
1	15	-1	21
1	-1	-1	21
1	49	-1	21
1	-1	-1	21
1	31	-1	21
1	-1	-1	21
1	29	-1	21
1	-1	-1	21
1	1	-1	21
1	-1	-1	21
1	35	-1	21
1	-1	-1	21
1	41	-1	21
1	-1	-1	21
1	33	-1	21
1	-1	-1	21
1	6	-1	21
1	-1	-1	21
1	12	-1	21
1	-1	-1	21
1	4	-1	21
1	40	-1	21
1	23	-1	21
1	52	-1	21
1	10	-1	21
1	50	-1	21
1	47	-1	21
1	45	-1	21
1	21	-1	21
1	57	-1	21
1	8	-1	21
2	3	x1215	37
2	45	-1	37
2	11	x1214	37
2	47	-1	37
2	22	x1213	37
2	54	-1	37
2	4	x1212	37
2	41	-1	37
2	12	x1211	37
2	43	-1	37
2	23	x1210	37
2	33	-1	37
2	19	x1209	37
2	39	-1	37
2	15	x1208	37
2	37	-1	37
2	14	x1207	37
2	6	-1	37
2	60	x1206	37
2	9	-1	37
2	0	x1205	37
2	25	-1	37
2	26	x1204	37
2	29	-1	37
2	49	x1203	37
2	7	-1	37
2	55	x1202	37
2	1	-1	37
2	51	x1201	37
2	27	-1	37
2	20	x1200	37
2	13	-1	37
2	16	x1199	37
2	31	-1	37
2	28	x1198	37
2	35	-1	37
2	59	x1197	37
2	57	-1	37
2	56	x1196	37
2	53	-1	37
2	50	x1195	37
2	2	-1	37
2	52	x1194	37
2	17	-1	37
2	58	x1193	37
2	21	-1	37
2	46	x1192	37
2	8	-1	37
2	40	x1191	37
2	10	-1	37
2	48	x1190	37
2	5	-1	37
2	44	x1189	37
2	24	-1	37
2	42	x1188	37
2	18	-1	37
2	36	x1187	37
2	30	-1	37
2	34	x1186	37
2	32	-1	37
2	38	x1185	37
1	5	-1	37
1	26	x1184	37
1	42	-1	37
1	28	x1183	37
1	9	-1	37
1	20	x1182	37
1	58	-1	37
1	24	x1181	37
1	13	-1	37
1	22	x1180	37
1	7	-1	37
1	2	x1179	37
1	3	-1	37
1	48	x1178	37
1	32	-1	37
1	0	x1177	37
1	34	-1	37
1	36	x1176	37
1	46	-1	37
1	16	x1175	37
1	44	-1	37
1	18	x1174	37
1	56	-1	37
1	38	x1173	37
1	43	-1	37
1	30	x1172	37
1	59	-1	37
1	14	x1171	37
1	54	-1	37
1	-1	-1	37
1	53	-1	37
1	-1	-1	37
1	17	-1	37
1	-1	-1	37
1	37	-1	37
1	-1	-1	37
1	11	-1	37
1	-1	-1	37
1	51	-1	37
1	-1	-1	37
1	27	-1	37
1	-1	-1	37
1	60	-1	37
1	-1	-1	37
1	25	-1	37
1	-1	-1	37
1	55	-1	37
1	-1	-1	37
1	39	-1	37
1	-1	-1	37
1	19	-1	37
1	-1	-1	37
1	15	-1	37
1	-1	-1	37
1	49	-1	37
1	-1	-1	37
1	31	-1	37
1	-1	-1	37
1	29	-1	37
1	-1	-1	37
1	1	-1	37
1	-1	-1	37
1	35	-1	37
1	-1	-1	37
1	41	-1	37
1	-1	-1	37
1	33	-1	37
1	-1	-1	37
1	6	-1	37
1	-1	-1	37
1	12	-1	37
1	-1	-1	37
1	4	-1	37
1	40	-1	37
1	23	-1	37
1	52	-1	37
1	10	-1	37
1	50	-1	37
1	47	-1	37
1	45	-1	37
1	21	-1	37
1	57	-1	37
1	8	-1	37
2	3	x1216	37
2	45	-1	37
2	11	x1217	37
2	47	-1	37
2	22	x1218	37
2	54	-1	37
2	4	x1219	37
2	41	-1	37
2	12	x1220	37
2	43	-1	37
2	23	x1221	37
2	33	-1	37
2	19	x1222	37
2	39	-1	37
2	15	x1223	37
2	37	-1	37
2	14	x1224	37
2	6	-1	37
2	60	x1225	37
2	9	-1	37
2	0	x1226	37
2	25	-1	37
2	26	x1227	37
2	29	-1	37
2	49	x1228	37
2	7	-1	37
2	55	x1229	37
2	1	-1	37
2	51	x1230	37
2	27	-1	37
2	20	x1231	37
2	13	-1	37
2	16	x1232	37
2	31	-1	37
2	28	x1233	37
2	35	-1	37
2	59	x1234	37
2	57	-1	37
2	56	x1235	37
2	53	-1	37
2	50	x1236	37
2	2	-1	37
2	52	x1237	37
2	17	-1	37
2	58	x1238	37
2	21	-1	37
2	46	x1239	37
2	8	-1	37
2	40	x1240	37
2	10	-1	37
2	48	x1241	37
2	5	-1	37
2	44	x1242	37
2	24	-1	37
2	42	x1243	37
2	18	-1	37
2	36	x1244	37
2	30	-1	37
2	34	x1245	37
2	32	-1	37
2	38	x1246	37
1	5	-1	37
1	26	x1247	37
1	42	-1	37
1	28	x1248	37
1	9	-1	37
1	20	x1249	37
1	58	-1	37
1	24	x1250	37
1	13	-1	37
1	22	x1251	37
1	7	-1	37
1	2	x1252	37
1	3	-1	37
1	48	x1253	37
1	32	-1	37
1	0	x1254	37
1	34	-1	37
1	36	x1255	37
1	46	-1	37
1	16	x1256	37
1	44	-1	37
1	18	x1257	37
1	56	-1	37
1	38	x1258	37
1	43	-1	37
1	30	x1259	37
1	59	-1	37
1	14	x1260	37
1	54	-1	37
1	-1	-1	37
1	53	-1	37
1	-1	-1	37
1	17	-1	37
1	-1	-1	37
1	37	-1	37
1	-1	-1	37
1	11	-1	37
1	-1	-1	37
1	51	-1	37
1	-1	-1	37
1	27	-1	37
1	-1	-1	37
1	60	-1	37
1	-1	-1	37
1	25	-1	37
1	-1	-1	37
1	55	-1	37
1	-1	-1	37
1	39	-1	37
1	-1	-1	37
1	19	-1	37
1	-1	-1	37
1	15	-1	37
1	-1	-1	37
1	49	-1	37
1	-1	-1	37
1	31	-1	37
1	-1	-1	37
1	29	-1	37
1	-1	-1	37
1	1	-1	37
1	-1	-1	37
1	35	-1	37
1	-1	-1	37
1	41	-1	37
1	-1	-1	37
1	33	-1	37
1	-1	-1	37
1	6	-1	37
1	-1	-1	37
1	12	-1	37
1	-1	-1	37
1	4	-1	37
1	40	-1	37
1	23	-1	37
1	52	-1	37
1	10	-1	37
1	50	-1	37
1	47	-1	37
1	45	-1	37
1	21	-1	37
1	57	-1	37
1	8	-1	37
